#########################################
#                                       #
#      Molecular     Database           #
#                                       #
#########################################

//------------------------------------------------------------------//



//------------------------------------------------------------------//
GuessDB>>>
UDBGLY

 10
   0  N          -3.56865   0.0665393   -0.39913  
   1  H          -3.33753   1.78562      0.356981 
   2  H          -3.43335   0.186957    -2.2777   
   3  C          -1.43307  -1.37992      0.54229  
   4  H          -1.68692  -1.72924      2.59306  
   5  H          -1.36136  -3.26009     -0.378052 
   6  C           1.00053   0.122774     0.120253 
   7  O           0.98292   2.44539      0.215333 
   8  O           3.29165  -0.853062    -0.351909  
   9  H           3.19835  -2.64477     -0.383018  



   0  3     3 1 2
   1  1     0
   2  1     0
   3  4     0 6 4 5 
   4  1     3
   5  1     3
   6  3     3 7 8
   7  1     6
   8  2     6 9
   9  1     8
 
 2
   2     1  2 
   2     4  5  

   0 3 6 7 8 1 2 4 5 9

   0     A-NITROGEN (5,2;5,2)
  5 0 0 2

0.12442877356748
0.89744678894473
2.46011248794502
0.59930682457395
4.39851586407436
0.23291646972263
0.63801565770161
-1.10455812832112
-0.30120705017678
-0.04082144727641
-0.01047195000387
0.00981120868164
-0.18371702982898
-0.28969054987690
0.10096850494748
0.04231106569925
-0.02533498166925
-0.00352918125122
0.01961446016860
-0.01306086286042
0.01870735797690
-0.03569942527867
-0.05275433359841
0.06284418472462
-0.04001878218651

  5 0 0 2

-0.03572993531481
-0.13447136240234
-0.55021297705475
0.57272552171791
-7.97368328054928
-1.88560616288347
0.31747005884342
4.53753662886693
5.39101165160637
0.02983598059944
0.00639184749650
-0.01228530500848
3.69561438063413
-5.19982737932766
-3.14199458938301
-0.04578374146046
0.03030756102870
0.00779055333977
-0.03108803930948
0.02293795866140
-0.94082779066707
-0.55568897603136
-1.27914424654592
0.66760072974831
0.49985465179044

  5 0 0 2

0.14632989239590
0.58346877581299
1.26460986343050
0.20982883322691
1.14444337501054
-0.10833988464275
0.43753378855427
0.17409098740848
-0.24480672397133
-0.03395910824824
-0.00954682238290
0.01034861949099
-0.12347668229770
-0.22624000377194
0.01658059482471
0.04939227251425
-0.02766519616259
-0.00272238411643
0.02320780149036
-0.01565558621135
0.00719115836153
-0.02743901338717
-0.03420428057213
0.09859897180329
-0.02569283552865



   1     A-HYDROGEN (5,1;5,1)
  5 0 0 1

0.00307087714648
0.02223859109417
0.34538384897142
0.01042374482452
0.00761886629268
0.39083428242595
0.45611882092437
-0.01133626955220
-0.10539760163012
-0.05379463072380
-0.00320219340930
-0.00516934869968
-0.00033496591525
0.00007287244711
0.00465628616819

  5 0 0 1

-0.01144248448672
-0.05673086020527
-0.47440144908604
-6.36723209779481
-0.85504908482215
0.92546737040846
9.76381232618749
-0.34978053984273
-1.29062464275881
-0.30545310137678
0.28921991774172
0.15064075094737
0.15411714353951
-0.33113308828170
-0.29641424787862

  5 0 0 1

0.01051095323827
0.02814969986807
0.23982686682125
0.04118137576153
0.01174303414793
0.25090333603889
0.18891552124966
0.00435380960858
-0.01922076073904
-0.01484431998229
-0.00958445470481
-0.00279138336491
-0.01644697922434
0.00722112317936
0.01540973219821



   2     A-HYDROGEN (5,1;5,1)
  5 0 0 1

0.00369072396097
0.01955424459614
0.37322334631530
-0.03703910129143
0.01050797661853
0.27970310114527
0.46405752563750
0.00443875000605
-0.00065500717742
0.09183953800931
0.00290554326581
0.00973382154115
0.00445170677540
-0.00239514177304
-0.00529591929250

  5 0 0 1

-0.00944509023428
-0.07208102020870
-0.34621662061529
-2.28962340165763
-1.01738159920781
-1.39374116832579
-0.62117940855648
-0.63706735032346
-0.00962047264977
1.26840300948241
0.15169574893180
-0.04449864610759
-0.03916103868878
-0.06127807923902
0.39596084036719

  5 0 0 1

0.00768520723914
0.03787024529970
0.22145321487691
0.10453909738877
0.00945663414285
0.24552628053251
-0.00880298951286
0.03585524624758
0.01404811354275
-0.01344950128306
-0.00065077364372
0.01887286477368
0.01210860116056
-0.00589845979437
-0.01810799983679



   3     A-CARBON (5,2;5,2)
  5 0 0 2

0.11395942772186
0.84123275540318
2.19660966233843
0.78788802035153
3.15297551450044
-0.39881434862906
-0.37457573733967
-0.12944965450483
0.46279529013774
0.00034527126992
0.01022703154506
-0.00208487671061
0.17408283088041
0.30520725409787
-0.17594536853871
0.00269013678870
-0.00236014374675
0.00036014045831
-0.00116595571183
0.00254348344063
0.08175302103327
-0.01260915607924
-0.01245889752974
-0.05039163245645
-0.10797228085696

  5 0 0 2

-0.03978507872390
-0.14203181029222
-0.59868049026446
0.42243386657063
-5.79020532022803
-1.27886094336217
31.95195402321407
2.51678496626822
24.10065840020100
0.00051204524700
-0.00117947648295
-0.00585047258794
16.60430538733286
9.55070226860990
-8.78018589545947
-0.01839084461294
0.00915583963089
-0.01219696738441
0.02596862996252
-0.01998466879652
2.18291798624009
-1.46478642310967
1.91304560620934
-3.93758683245239
-4.82750408449930

  5 0 0 2

0.13522871459787
0.54397242012055
1.13239772492467
0.34828373829784
0.77868277686553
-0.42654052342735
-1.71084892837821
0.61034206660809
-0.04802588664281
-0.00361104791353
0.01181699217899
-0.00218301899070
-0.52480961164601
-0.47752422145774
-0.09745574984718
0.00739890388716
-0.00603051892047
0.00522004050915
-0.01158174776265
0.00906305694681
-0.08777459100898
0.01065123732163
0.11563853701329
-0.03563123575206
-0.11099137637061



   4     A-HYDROGEN (5,1;5,1)
  5 0 0 1

0.00299947626619
0.02094634864923
0.30924824795134
-0.12915698460557
-0.00853481162650
0.37990799169349
0.71446548366741
0.01053508141873
0.01958350657927
-0.12403038235373
-0.00882002775543
-0.00003404672364
-0.00114074616322
-0.00259017279498
-0.00362538815701

  5 0 0 1

-0.01018526220059
-0.06676855841296
-0.32043963248529
-9.27274218266892
-1.46895381862260
-2.53982251001617
14.70189381956621
0.26130917674051
0.03360088225513
-0.38808440769930
0.23824245176466
-0.22137059893414
-0.23767044770068
0.11137913269746
0.01905787417102

  5 0 0 1

0.00825181128534
0.03385937714279
0.19554778466752
0.07863475250754
0.00307670407494
0.39311753822716
0.25990301191641
0.01074366441856
0.01764028815607
-0.05258360222736
-0.01619958016713
-0.00027571336053
-0.00049742783656
-0.01920990522834
-0.02378012967760



   5     A-HYDROGEN (5,1;5,1)
  5 0 0 1

0.00291061696285
0.02218572578162
0.30881670240561
-0.08360961493683
-0.03612300016635
0.43379360433193
0.39907973104943
-0.00985507800106
0.10058670695955
0.04441934351506
-0.00678521445313
0.00473348486997
-0.00243165470967
-0.00409347550817
0.00668249667411

  5 0 0 1

-0.01171938490053
-0.05895435156178
-0.38543854170714
-13.17450840977531
-1.95290737885415
-1.21793914392012
-2.19623024806878
0.15698504761005
0.13726114936299
0.34290251254857
0.20412372227920
-0.04942038415949
0.29027305385831
-0.04272458525353
0.00204697255004

  5 0 0 1

0.01066442702764
0.02714812501227
0.21721762249927
0.02893966785615
-0.00215599550177
0.33327806201564
-0.11717791707898
-0.00838602190750
0.02995976622498
0.00864365227439
-0.00123246098669
0.00725706609990
-0.01671600951899
-0.00648974465646
0.02321139438010



   6     A-CARBON (5,2;5,2)
  5 0 0 2

0.11372590682766
0.84525904260288
2.19310728487984
0.82079339626627
2.59237264077697
-0.63934766123719
-0.16441699202129
0.62440401755748
-0.13192029350082
-0.01940063983307
0.01013243082108
0.00340710022496
-0.12666021749862
0.11418368735531
0.04952256818339
0.01990290633472
-0.01319997571828
0.00038233388770
-0.01494858999427
-0.04844706198192
0.15775297967295
0.05015098629217
-0.03426685084239
-0.18487954577733
0.05877059656005

  5 0 0 2

-0.04019297772433
-0.13986897675013
-0.61177014341604
0.48245672271458
-3.61915386383929
-1.40551805865574
-70.71123891891398
1.95899342283851
-9.59234280511742
0.02277123740301
0.04972089012141
-0.00084162561547
13.07874448251859
-5.99644822001597
-0.83203575457456
-0.04742121906811
-0.02427517738509
0.01431440032024
0.00224553940912
-0.04394812829355
1.87783749681925
1.34342284129417
-1.57323050014272
0.38541258813549
5.48895537413654

  5 0 0 2

0.13725429660057
0.54052829901037
1.14131180218177
0.35236773325585
-0.21580223793380
-0.60199880142734
1.41831340472152
1.41039439078996
0.20749071234120
-0.01924577023729
-0.00650642752355
0.00350392429467
-1.00316113428336
-0.37532264212521
0.15952705043230
0.02444144075261
-0.00238908096728
-0.00386707216038
-0.00613459161222
-0.01376270167573
0.35434449023217
-0.01490911162033
-0.07127328910981
0.06641003118066
-0.05829888321634



   7     A-OXYGEN (5,2;5,2)
  5 0 0 2

0.13813190526815
0.97544310899469
2.66823492018369
0.53910488744736
4.49262107391133
0.27019380574447
1.32422504244704
-0.45194574406591
0.00376785025728
0.00977142630298
0.06096315337302
0.00046414859056
-0.03685373861260
0.14376670921716
0.01081130743727
-0.00091445518142
-0.02567684986294
0.00080538434975
0.04170095131737
-0.05262153353805
-0.00268427469454
-0.01964247467965
-0.00145329434024
0.07472415840816
-0.01915779291569

  5 0 0 2

-0.03304820370122
-0.13330309073929
-0.49318991348791
0.56185852734654
-5.40439645539548
-1.80852017165365
12.95451013371462
3.57612367542551
11.48983533666843
-0.00368904800106
-0.03830302063157
-0.00220589300933
-1.29359278374072
-3.45470398418328
0.15744864142338
0.00783422007601
0.01889201688422
-0.00055863469869
-0.04781537835638
0.03170553596068
0.30494311781338
0.17489720934134
-0.04495512890427
-0.46305909146817
0.05966605692838

  5 0 0 2

0.15590156756297
0.64134614722497
1.35442042759062
0.13141169079961
1.16705106680810
-0.00370260682382
0.58317986148059
0.31672720306755
-0.01854217426913
0.00644929641066
0.05489823912170
0.00055158124587
0.01305494334246
0.17009710649671
0.00768046970337
-0.00334021473425
-0.02422428939246
0.00013691908162
0.05187757216835
-0.04415169258011
-0.02910846569646
-0.01118325858790
0.00094550022658
0.06918311430491
0.01378324428847



   8     A-OXYGEN (5,2;5,2)
  5 0 0 2

0.13839541907343
0.97229999562966
2.67251287136706
0.51606698376139
4.70229291640491
0.34968588465412
1.37944553079455
-0.59293570833700
-0.07590655822916
0.05127264510754
0.04196607802890
-0.00869367563209
0.04431243063029
0.32850072645149
0.00022577497876
0.03282345391973
0.00964633248094
-0.00717435170560
0.00876169573078
0.02637428799274
0.05610221560026
0.02485725788836
-0.01863406895167
0.10357093827395
0.12003197044486

  5 0 0 2

-0.03301670259653
-0.13341851691138
-0.49197121748491
0.56708468129085
-5.92391767515660
-1.83773853084817
1.32297708743286
3.71806608994167
8.15001791822371
-0.02123166149443
-0.02512900615219
0.00312956710031
-3.79224634220710
3.22998196359985
0.52025410939077
-0.02311733538385
-0.01060675939894
0.00631908746315
-0.01700026898708
-0.03243554588472
-0.31133499217946
-0.22609482572692
0.22594956995418
-0.07864682706266
-0.88220748267104

  5 0 0 2

0.15581393450538
0.64065599596666
1.35381414062270
0.12601314797329
1.23833487700175
0.00770356083019
0.61791196311346
0.28939523468642
-0.12529231622919
0.04011031286744
0.03598800856595
-0.00674851379811
0.10955338823928
0.25954382946807
-0.00821441385140
0.03525717458744
0.01207307583858
-0.00801038029467
0.01058435952084
0.03274817860856
0.03302432612394
0.02899418366323
-0.02130686155957
0.13325021720038
0.15800573096522



   9     A-HYDROGEN (5,1;5,1)
  5 0 0 1

0.00188992922022
0.02707686949591
0.34235250021084
-0.16587836340640
0.03411138345273
0.40091192031252
0.65103112525035
0.02448902419018
0.14164577958159
0.00060008726025
0.00102441386602
-0.00248291309699
-0.00077877799105
0.00418582450431
-0.00004936705803

  5 0 0 1

-0.00803729194614
-0.07545245684236
-0.36099822835636
-10.47191663414072
1.78936524801343
-0.36555624387262
13.44465313239263
0.31280504330185
2.36357577137145
0.11720520611827
0.19767074247583
-0.00744527683347
0.04257568465039
-0.43098601830152
-0.32071767155406

  5 0 0 1

0.00470534549938
0.04732269018656
0.20057192622013
0.03195825974266
0.00592332727418
0.45484023225440
0.09344226491467
0.01345277449497
0.03909789012528
-0.00382762890371
-0.00971413189366
0.00042302587111
-0.00323378919274
0.01275780749870
0.02451990647948




///////////////////////////
//------------------------------------------------------------------//
// GLY no Nterm bubun 
GuessDB>>>
UDBNTE

 6
   0  N          -3.56865   0.0665393   -0.39913  
   1  HN1        -3.33753   1.78562      0.356981 
   2  HN2        -3.43335   0.186957    -2.2777   
   3  CA         -1.43307  -1.37992      0.54229  
   4  HA2        -1.68692  -1.72924      2.59306  
   5  HA3        -1.36136  -3.26009     -0.378052 

   0  3     3 1 2
   1  1     0
   2  1     0
   3  3     0 4 5 
   4  1     3
   5  1     3
  
 
 2
   2     1  2 
   2     4  5  

   0 3 1 2 4 5


   0   A-NITROGEN (5,2;5,2)

       5 0 0 2

   0.11859585894 
   0.93698972781 
   2.23556253003 
   0.21780531809 
   5.29772223916 
   0.56307675360 
   0.64730472084 
   0.41640458591 
  -2.07339010511 
  -0.04460814444 
  -0.01122766454 
   0.01152792913 
  -0.16479689801 
  -0.24287389554 
   0.06817318499 
   0.04606555276 
  -0.02753065709 
  -0.00331019082 
   0.02126877450 
  -0.01501160138 
   0.03381261444 
  -0.04414593996 
  -0.04584297174 
   0.04122893025 
  -0.02613554387 

       5 0 0 2

  -0.03574097892 
  -0.13424745442 
  -0.55060587083 
   0.56951694513 
  -7.90689677041 
  -1.87237322758 
   0.46865594317 
   4.49746849129 
   5.58556904552 
   0.02845235428 
   0.00665056614 
  -0.01230255352 
   3.73618953907 
  -5.11093857413 
  -3.07545436649 
  -0.04454591691 
   0.02937946017 
   0.00810702641 
  -0.03127866826 
   0.02314780874 
  -0.92095343919 
  -0.53690921924 
  -1.25228473934 
   0.65510408599 
   0.49550107212 

       5 0 0 2

   0.14631994097 
   0.58300835771 
   1.26423705542 
   0.21312459817 
   1.13323168070 
  -0.11281703750 
   0.43192627084 
   0.17940003571 
  -0.24146636018 
  -0.03205893653 
  -0.00973727980 
   0.01030750381 
  -0.12716638330 
  -0.22645074966 
   0.01701586830 
   0.04808056453 
  -0.02674556080 
  -0.00299740117 
   0.02333099515 
  -0.01582371037 
   0.00734965562 
  -0.02803026521 
  -0.03442619734 
   0.09872938716 
  -0.02668086411 



   1   A-HYDROGEN (5,1;5,1)

       5 0 0 1

   0.00211755767 
   0.02459086896 
   0.26309447957 
   0.17680080721 
  -0.00961397257 
   0.59863527866 
   0.03252192006 
  -0.00999817885 
  -0.08350038455 
  -0.04145885386 
  -0.00333947271 
  -0.00449374799 
   0.00128656480 
   0.00158752108 
   0.00298754065 

       5 0 0 1

  -0.01142068150 
  -0.05688812049 
  -0.47373534759 
  -6.31657785599 
  -0.87158946809 
   0.89851674472 
   9.56825524643 
  -0.35162792957 
  -1.27390424491 
  -0.30344872792 
   0.28979909902 
   0.14947143220 
   0.15330322374 
  -0.32610653435 
  -0.29564349454 

       5 0 0 1

   0.01047903633 
   0.02828261114 
   0.23945333109 
   0.04235643737 
   0.01118597167 
   0.25225447973 
   0.18991192140 
   0.00466127724 
  -0.01950326880 
  -0.01498397895 
  -0.00984576730 
  -0.00295890233 
  -0.01612114844 
   0.00685826346 
   0.01541648358 



   2   A-HYDROGEN (5,1;5,1)

       5 0 0 1

   0.00189145206 
   0.02843989062 
   0.31988027977 
   0.13970349914 
  -0.00820035579 
   0.47333463693 
   0.00955156221 
   0.00386179936 
  -0.00050175362 
   0.06569155697 
   0.00201832874 
   0.00803839435 
   0.00522876273 
   0.00044362277 
  -0.00562689530 

       5 0 0 1

  -0.00944989685 
  -0.07194620426 
  -0.34704976641 
  -2.31492460256 
  -1.05620282110 
  -1.36895092048 
  -0.63592610021 
  -0.63547695189 
  -0.01237008336 
   1.25663629177 
   0.14804609932 
  -0.04832827291 
  -0.03796546126 
  -0.06258623706 
   0.39082856981 

       5 0 0 1

   0.00769354885 
   0.03778825277 
   0.22124013223 
   0.10230600582 
   0.00987411690 
   0.24498462214 
  -0.00208751206 
   0.03602342608 
   0.01436982409 
  -0.01310438814 
  -0.00048789617 
   0.01913751781 
   0.01208386042 
  -0.00562029185 
  -0.01771685279 



   3   A-CARBON (5,2;5,2)

       5 0 0 2

   0.11627211399 
   0.83847452867 
   2.25576984744 
   0.87592814858 
   3.17749431875 
  -0.48178379242 
  -0.11955648021 
  -0.10449687351 
  -0.09168570443 
  -0.00302199543 
   0.00893581893 
  -0.00272537903 
   0.15297608705 
   0.25629630704 
  -0.10186034131 
   0.00056046642 
  -0.00138124402 
   0.00036637768 
  -0.00180624030 
   0.00342821536 
   0.08855419024 
  -0.02185694020 
  -0.01201794726 
  -0.09113912826 
  -0.05787162794 

       5 0 0 2

  -0.03981632047 
  -0.14162296778 
  -0.59933712119 
   0.41822385831 
  -5.75885318800 
  -1.26330590780 
  30.81089999185 
   2.48464793994 
  23.47693502194 
   0.00022089697 
  -0.00200710789 
  -0.00562611135 
  16.17223761927 
   9.16465315899 
  -8.52844267318 
  -0.01925192672 
   0.00946877105 
  -0.01176679098 
   0.02517788520 
  -0.01924031515 
   2.15362286129 
  -1.46251352080 
   1.89977598777 
  -3.91502776313 
  -4.70956713695 

       5 0 0 2

   0.13534453256 
   0.54295814037 
   1.13264204576 
   0.34991520002 
   0.78948662488 
  -0.42319991716 
  -1.68221522657 
   0.59298287742 
  -0.04995675462 
  -0.00324452709 
   0.01229228388 
  -0.00225949260 
  -0.51510427869 
  -0.46991812121 
  -0.09752997321 
   0.00807526425 
  -0.00621149409 
   0.00496601694 
  -0.01098711461 
   0.00847658854 
  -0.08722491848 
   0.01124251200 
   0.11533083748 
  -0.03391599831 
  -0.11104237456 



   4   A-HYDROGEN (5,1;5,1)

       5 0 0 1

   0.00224974105 
   0.01980941239 
   0.16498428296 
   0.25212617959 
  -0.02234276462 
   0.73092523179 
   0.06520887913 
   0.00915363942 
   0.01720986962 
  -0.10639812106 
  -0.00903110561 
   0.00124640883 
  -0.00185975844 
   0.00038871651 
  -0.00197336301 

       5 0 0 1

  -0.01011367081 
  -0.06668206467 
  -0.31870770599 
  -9.27432750268 
  -1.42990522494 
  -2.50726807982 
  14.45599657909 
   0.25730442074 
   0.03328357430 
  -0.39232725642 
   0.23451025281 
  -0.21846781857 
  -0.23616223837 
   0.11040639523 
   0.02654356942 

       5 0 0 1

   0.00817028936 
   0.03375564954 
   0.19440007793 
   0.08665101142 
   0.00315797092 
   0.39113550441 
   0.25345583208 
   0.01027832970 
   0.01675740307 
  -0.04935014474 
  -0.01586117166 
  -0.00003795227 
   0.00001794706 
  -0.01921042182 
  -0.02494246272 



   5   A-HYDROGEN (5,1;5,1)

       5 0 0 1

   0.00080166697 
   0.03434023789 
   0.28143553724 
   0.17322843432 
  -0.02692842670 
   0.61246619793 
  -0.00919050914 
  -0.00776042628 
   0.09070694791 
   0.03900877067 
  -0.00810525144 
   0.00631342926 
  -0.00091168348 
  -0.00228833839 
   0.00416427329 

       5 0 0 1

  -0.01169612857 
  -0.05866894172 
  -0.38529441284 
 -13.08584280608 
  -1.83836950798 
  -1.19495908795 
  -2.18548246951 
   0.15170536827 
   0.14846756433 
   0.34203165273 
   0.20057399766 
  -0.04703107843 
   0.29129139274 
  -0.04647362398 
   0.00002358966 

       5 0 0 1

   0.01064541085 
   0.02693552258 
   0.21663030012 
   0.03845610081 
  -0.00265096731 
   0.33149154797 
  -0.12174872784 
  -0.00819261871 
   0.02646473580 
   0.00741067763 
  -0.00087002099 
   0.00681498064 
  -0.01764086026 
  -0.00548184565 
   0.02358999149 





////////////////////////


//このホルムアミドはペプチド結合部にある原子４つについて
//特別に登録する。
//結合情報をわざとこのようにして、O,C,N,Hのマトリクスが
//全て同じになるように細工している。
// ----------------------------------------
// ホルムアミド（一部）のデータベース
// アミノ酸としてTlResidue.cxxに登録した。
// --------------------------------------- 
GuessDB>>>
UDBFAM1

 4

   1 0 2 3

   0  1    1  
   1  2    0 2
   2  1    1 
   3  1    2   

 0

 1
   3


   0  O    2.23217364249000    0.32668518402000   0.00000000000000   
   1  C	   0.00000000000000    0.90188498088000   0.00000000000000   
   2  N	  -1.76137008975000   -1.04960706471000   0.00000000000000   
   3  H	  -1.22027425020000   -2.84232021624000   0.00000000000000   



   0   A-OXYGEN (5,2;5,2)

       5 0 0 2
       
   0.13715392708 
   0.97708874700 
   2.65015204955 
   0.57294812126 
   4.17118083737 
   0.17451983116 
   1.18877856161 
  -0.16458234358 
  -0.06821504924 
   0.07179554324 
  -0.00943227688 
   0.00000000000 
   0.18611019239 
  -0.03157484260 
   0.00000000000 
   0.01286503276 
  -0.00000000000 
   0.00000000000 
  -0.04303400717 
  -0.07352626492 
   0.02901272288 
  -0.00000000000 
   0.00000000000 
  -0.06141767444 
  -0.05105236309 

       5 0 0 2

  -0.03253817094 
  -0.13609515524 
  -0.47932190582 
   0.49189964636 
  -3.18740066145 
  -1.43087252245 
   2.04283656833 
   2.04390788290 
   2.70750209759 
  -0.03887756820 
   0.00172017510 
  -0.00000000000 
  -0.30214345036 
  -0.79286697695 
  -0.00000000000 
  -0.01760759150 
   0.00000000000 
  -0.00000000000 
   0.04566159936 
   0.04705718893 
  -0.07623066660 
  -0.00000000000 
   0.00000000000 
   0.43591040864 
   0.40625620464 

       5 0 0 2

   0.15058386354 
   0.65553989614 
   1.31997422679 
   0.20550924351 
   0.80282406926 
  -0.18528413478 
   0.62376828617 
   0.71265623831 
  -0.04218741033 
   0.06168653118 
  -0.01180565075 
   0.00000000000 
   0.09698816171 
   0.01955084694 
   0.00000000000 
   0.01828997588 
  -0.00000000000 
   0.00000000000 
  -0.04611008076 
  -0.06152041271 
   0.00665309062 
  -0.00000000000 
   0.00000000000 
  -0.05853553084 
  -0.04310356670 


   1   A-CARBON (5,2;5,2)

       5 0 0 2

   0.11150843873 
   0.83603099946 
   2.16267282708 
   0.88141774878 
   1.65858507250 
  -0.77502866056 
  -0.07082297938 
   1.15725451596 
  -0.17789385078 
   0.02282277022 
   0.00122556588 
   0.00000000000 
   0.52581884858 
   0.16527454046 
  -0.00000000000 
  -0.00997233143 
   0.00000000000 
  -0.00000000000 
   0.00881976712 
  -0.05454127163 
  -0.26049991560 
  -0.00000000000 
   0.00000000000 
   0.14713446971 
   0.05827910400 

       5 0 0 2

  -0.04000255518 
  -0.13869721618 
  -0.60435147999 
   0.43735777284 
  -0.48939480325 
  -1.21437805260 
  -3.71345539431 
   0.88609354239 
   2.71222530005 
   0.03082066488 
  -0.03502286246 
  -0.00000000000 
  -5.58973443184 
   1.33060880228 
  -0.00000000000 
   0.04552789457 
  -0.00000000000 
   0.00000000000 
   0.01716276752 
  -0.02344312010 
   2.85832905212 
   0.00000000000 
   0.00000000000 
  -1.08049511496 
   0.37412673917 

       5 0 0 2

   0.13553296880 
   0.53624253886 
   1.12541927501 
   0.38383749026 
  -0.65965793778 
  -0.63826124447 
   0.12856496632 
   1.59782009005 
   0.03952790185 
  -0.00350989139 
  -0.00378483464 
   0.00000000000 
   0.32928258530 
   0.11561425273 
  -0.00000000000 
  -0.01626653673 
   0.00000000000 
  -0.00000000000 
  -0.00349960203 
  -0.01593964700 
  -0.13434354748 
  -0.00000000000 
   0.00000000000 
   0.01488159999 
  -0.00896668423 



   2   A-NITROGEN (5,2;5,2)

       5 0 0 2

   0.12115010405 
   0.89858382467 
   2.41076160805 
   0.73147367634 
   3.40056963306 
  -0.11873107171 
   1.15275664599 
  -0.21080139595 
   0.16478859179 
   0.00879179737 
  -0.00102209983 
   0.00000000000 
   0.47252741047 
   0.46286817649 
  -0.00000000000 
  -0.00021903182 
   0.00000000000 
   0.00000000000 
   0.00599474694 
   0.02891530956 
   0.17942564562 
  -0.00000000000 
   0.00000000000 
  -0.08392907247 
   0.17084114923 

       5 0 0 2

  -0.03508505605 
  -0.13675033836 
  -0.53176187555 
   0.47735810788 
  -6.00422205681 
  -1.49447285414 
  -1.13133418613 
   3.20245750863 
   1.83042201935 
  -0.00707748186 
  -0.00084653484 
  -0.00000000000 
   1.84352042116 
  -2.61725093158 
   0.00000000000 
  -0.00980206717 
  -0.00000000000 
  -0.00000000000 
  -0.01026610274 
  -0.04801542287 
  -0.90522153387 
   0.00000000000 
  -0.00000000000 
  -0.03557243816 
  -1.85057482637 

       5 0 0 2

   0.14025161122 
   0.59425582846 
   1.22213569278 
   0.30527465979 
   0.68286816102 
  -0.31274156138 
   0.37714983968 
   0.62655882739 
  -0.05373992429 
   0.00719539533 
  -0.00012221700 
   0.00000000000 
   0.28597280438 
   0.42736030007 
  -0.00000000000 
  -0.00290321479 
   0.00000000000 
   0.00000000000 
   0.00894339895 
   0.03525964006 
   0.22588579667 
  -0.00000000000 
   0.00000000000 
  -0.12144103852 
   0.16443075117 



   3   A-HYDROGEN (5,1;5,1)

       5 0 0 1

   0.00271805305 
   0.01644404155 
   0.28414661622 
  -0.23197065915 
  -0.00502957830 
   0.40345154150 
   0.94485675577 
   0.15467365984 
  -0.03444555325 
  -0.00000000000 
  -0.00954489879 
   0.00000000000 
  -0.00000000000 
  -0.00077666220 
   0.00613536408 

       5 0 0 1

  -0.00948108798 
  -0.05598930192 
  -0.37349654541 
  -1.96688989420 
  -0.11598330763 
   0.25545069866 
   0.62644112421 
   1.42976333432 
  -0.20775944593 
   0.00000000000 
   0.01845512964 
  -0.00000000000 
   0.00000000000 
   0.41705417582 
  -0.16185167303 

       5 0 0 1

   0.00804676994 
   0.02609021363 
   0.19912036246 
  -0.06921963901 
  -0.00379559075 
   0.30513204482 
   0.40901644871 
   0.03228558736 
  -0.01089260029 
  -0.00000000000 
  -0.01872706189 
   0.00000000000 
  -0.00000000000 
  -0.01807809780 
   0.02768781099 


////////
GuessDB>>>
UDBFAM2

 5

   0 1 2 3 4

   0  1    1
   1  2    0 2
   2  1    2 
   3  1    2   

 1
   2    3  4

 0

0 C   0.00000000000000    0.90188498088000   0.00000000000000   
1 O   2.23217364249000    0.32668518402000   0.00000000000000   
2 N  -1.76137008975000   -1.04960706471000   0.00000000000000   
3 H  -1.22027425020000   -2.84232021624000   0.00000000000000   
4 H  -3.59986195053000   -0.69450412095000   0.00000000000000   


 0 A-CARBON (5,2;5,2)

    5 0 0 2

   0.11150843873 
   0.83603099946 
   2.16267282708 
   0.88141774878 
   1.65858507250 
  -0.77502866056 
  -0.07082297938 
   1.15725451596 
  -0.17789385078 
   0.02282277022 
   0.00122556588 
   0.00000000000 
   0.52581884858 
   0.16527454046 
  -0.00000000000 
  -0.00997233143 
   0.00000000000 
  -0.00000000000 
   0.00881976712 
  -0.05454127163 
  -0.26049991560 
  -0.00000000000 
   0.00000000000 
   0.14713446971 
   0.05827910400 

    5 0 0 2

  -0.04000255518 
  -0.13869721618 
  -0.60435147999 
   0.43735777284 
  -0.48939480325 
  -1.21437805260 
  -3.71345539431 
   0.88609354239 
   2.71222530005 
   0.03082066488 
  -0.03502286246 
  -0.00000000000 
  -5.58973443184 
   1.33060880228 
  -0.00000000000 
   0.04552789457 
  -0.00000000000 
   0.00000000000 
   0.01716276752 
  -0.02344312010 
   2.85832905212 
   0.00000000000 
   0.00000000000 
  -1.08049511496 
   0.37412673917 

    5 0 0 2

   0.13553296880 
   0.53624253886 
   1.12541927501 
   0.38383749026 
  -0.65965793778 
  -0.63826124447 
   0.12856496632 
   1.59782009005 
   0.03952790185 
  -0.00350989139 
  -0.00378483464 
   0.00000000000 
   0.32928258530 
   0.11561425273 
  -0.00000000000 
  -0.01626653673 
   0.00000000000 
  -0.00000000000 
  -0.00349960203 
  -0.01593964700 
  -0.13434354748 
  -0.00000000000 
   0.00000000000 
   0.01488159999 
  -0.00896668423 

   1 A-OXYGEN (5,2;5,2)

     5 0 0 2

   0.13715392708 
   0.97708874700 
   2.65015204955 
   0.57294812126 
   4.17118083737 
   0.17451983116 
   1.18877856161 
  -0.16458234358 
  -0.06821504924 
   0.07179554324 
  -0.00943227688 
   0.00000000000 
   0.18611019239 
  -0.03157484260 
   0.00000000000 
   0.01286503276 
  -0.00000000000 
   0.00000000000 
  -0.04303400717 
  -0.07352626492 
   0.02901272288 
  -0.00000000000 
   0.00000000000 
  -0.06141767444 
  -0.05105236309 

     5 0 0 2

  -0.03253817094 
  -0.13609515524 
  -0.47932190582 
   0.49189964636 
  -3.18740066145 
  -1.43087252245 
   2.04283656833 
   2.04390788290 
   2.70750209759 
  -0.03887756820 
   0.00172017510 
  -0.00000000000 
  -0.30214345036 
  -0.79286697695 
  -0.00000000000 
  -0.01760759150 
   0.00000000000 
  -0.00000000000 
   0.04566159936 
   0.04705718893 
  -0.07623066660 
  -0.00000000000 
   0.00000000000 
   0.43591040864 
   0.40625620464 

     5 0 0 2

   0.15058386354 
   0.65553989614 
   1.31997422679 
   0.20550924351 
   0.80282406926 
  -0.18528413478 
   0.62376828617 
   0.71265623831 
  -0.04218741033 
   0.06168653118 
  -0.01180565075 
   0.00000000000 
   0.09698816171 
   0.01955084694 
   0.00000000000 
   0.01828997588 
  -0.00000000000 
   0.00000000000 
  -0.04611008076 
  -0.06152041271 
   0.00665309062 
  -0.00000000000 
   0.00000000000 
  -0.05853553084 
  -0.04310356670 

   2 A-NITROGEN (5,2;5,2)

     5 0 0 2

   0.12115010405 
   0.89858382467 
   2.41076160805 
   0.73147367634 
   3.40056963306 
  -0.11873107171 
   1.15275664599 
  -0.21080139595 
   0.16478859179 
   0.00879179737 
  -0.00102209983 
   0.00000000000 
   0.47252741047 
   0.46286817649 
  -0.00000000000 
  -0.00021903182 
   0.00000000000 
   0.00000000000 
   0.00599474694 
   0.02891530956 
   0.17942564562 
  -0.00000000000 
   0.00000000000 
  -0.08392907247 
   0.17084114923 

     5 0 0 2

  -0.03508505605 
  -0.13675033836 
  -0.53176187555 
   0.47735810788 
  -6.00422205681 
  -1.49447285414 
  -1.13133418613 
   3.20245750863 
   1.83042201935 
  -0.00707748186 
  -0.00084653484 
  -0.00000000000 
   1.84352042116 
  -2.61725093158 
   0.00000000000 
  -0.00980206717 
  -0.00000000000 
  -0.00000000000 
  -0.01026610274 
  -0.04801542287 
  -0.90522153387 
   0.00000000000 
  -0.00000000000 
  -0.03557243816 
  -1.85057482637 

     5 0 0 2

   0.14025161122 
   0.59425582846 
   1.22213569278 
   0.30527465979 
   0.68286816102 
  -0.31274156138 
   0.37714983968 
   0.62655882739 
  -0.05373992429 
   0.00719539533 
  -0.00012221700 
   0.00000000000 
   0.28597280438 
   0.42736030007 
  -0.00000000000 
  -0.00290321479 
   0.00000000000 
   0.00000000000 
   0.00894339895 
   0.03525964006 
   0.22588579667 
  -0.00000000000 
   0.00000000000 
  -0.12144103852 
   0.16443075117 

   3 A-HYDROGEN (5,1;5,1)

     5 0 0 1

   0.00237166801 
   0.01754137506 
   0.26874613279 
  -0.22089565200 
   0.01899608011 
   0.35966856373 
   0.82627510849 
  -0.01742226047 
   0.15794827427 
   0.00000000000 
  -0.00763415509 
  -0.00000000000 
   0.00000000000 
  -0.00201639124 
  -0.00395990736 

     5 0 0 1

  -0.00998852962 
  -0.04996017884 
  -0.39384607470 
   5.65087738155 
  -1.30302759587 
   0.14862786844 
  -9.92568740929 
  -0.35467395654 
   0.93386047598 
  -0.00000000000 
  -0.06250555172 
   0.00000000000 
  -0.00000000000 
  -0.24344274013 
  -0.24481348014 

     5 0 0 1

   0.00827212381 
   0.02531349180 
   0.18887840169 
  -0.16945149693 
   0.01548943161 
   0.28405215910 
   0.47959800714 
   0.01759454968 
   0.08312120207 
   0.00000000000 
  -0.02152305521 
  -0.00000000000 
   0.00000000000 
   0.00360337631 
   0.02010290072 


   4 A-HYDROGEN (5,1;5,1)

     5 0 0 1

   0.00271805305 
   0.01644404155 
   0.28414661622 
  -0.23197065915 
  -0.00502957830 
   0.40345154150 
   0.94485675577 
   0.15467365984 
  -0.03444555325 
  -0.00000000000 
  -0.00954489879 
   0.00000000000 
  -0.00000000000 
  -0.00077666220 
   0.00613536408 

     5 0 0 1

  -0.00948108798 
  -0.05598930192 
  -0.37349654541 
  -1.96688989420 
  -0.11598330763 
   0.25545069866 
   0.62644112421 
   1.42976333432 
  -0.20775944593 
   0.00000000000 
   0.01845512964 
  -0.00000000000 
   0.00000000000 
   0.41705417582 
  -0.16185167303 

     5 0 0 1

   0.00804676994 
   0.02609021363 
   0.19912036246 
  -0.06921963901 
  -0.00379559075 
   0.30513204482 
   0.40901644871 
   0.03228558736 
  -0.01089260029 
  -0.00000000000 
  -0.01872706189 
   0.00000000000 
  -0.00000000000 
  -0.01807809780 
   0.02768781099 


//////////////////////////////
/////////////////////////////
GuessDB>>>
UDB3GLYall

 24

0  N      10.63855628910000 -0.28879420779000  -0.96055164873000  
1  H      10.62255216573000 -2.00899841922000  -1.73614597371000  
2  H      11.08116129078000 -0.44703263907000   0.86700434454000  
3  C      8.14506889248000   0.90462886884000  -1.23634262439000  
4  H      7.76228518368000   1.11702129273000  -3.28665810033000  
5  H      8.27740290492000   2.84262068331000  -0.44825340465000  
6  C      5.96713805991000  -0.50957325342000   0.00392496921000  
7  O      6.19127137629000  -2.53230056109000   1.09900082745000  
8  N      3.50946104679000   0.55420111710000  -0.30386480454000  
9  H      3.51355231224000   2.42571789936000  -0.54370933614000  
10 C      1.42061586588000  -0.39710786220000   1.30216192029000  
11 H      1.17679345263000  -2.43627960033000   0.87103324890000  
12 H      1.89105092127000  -0.29169116388000   3.34704631221000  
13 C     -0.97325252406000   1.12798739592000   0.83188182276000  
14 O     -1.04979603771000   3.43847711880000   0.87162284466000  
15 N     -3.26329158888000  -0.24543435294000   0.59721326163000  
16 H     -3.06794452959000  -1.99077575283000  -0.09079585731000  
17 C     -5.57809556535000   1.11076628643000  -0.20137340826000  
18 H     -5.30080792353000   2.13371870949000  -2.01658568517000  
19 H     -6.00388197003000   2.58413018580000   1.23135751665000  
20 C     -7.78957288488000  -0.67459770513000  -0.46191426282000  
21 O     -7.82639616366000  -2.97589956075000  -0.48768829029000  
22 O     -10.05434059041000  0.48022952598000  -0.73973858796000  
23 H     -11.38258267443000 -0.72491365611000  -0.89949258270000  

0   3     3 1 2
1   1     0
2   1     0
3   4     0 6 4 5 
4   1     3
5   1     3
6   2     3
7   1     6
8   2     10 9
9   1     8
10  4     8 13 11 12
11  1     10
12  1     10
13  2     10 14
14  1     13
15  2     17 16
16  1     15
17  4     15 20 18 19
18  1     17
19  1     17
20  3     17 21 22
21  1     20
22  2     20
23  1     22

4
  2      1  2
  2      4  5
  2     11 12
  2     18 19

  0 3 6 8 10 13 15 17 20 22 1 2 4 5 7 9 11 12 14 16 18 19 21 23


   0     A-NITROGEN (5,2;5,2)
  5 0 0 2

0.12465298875332
0.89616089400001
2.46304140172904
0.58885004228216
4.54514155163559
0.28485034684329
0.51406265140216
-1.28269089089183
-0.45549897230974
0.03474082656590
0.01956898791323
-0.01799299821159
0.13595848550476
0.25649081032105
-0.18665159622973
0.04322926932963
-0.02913434036407
-0.02202541100849
-0.00321597805603
-0.00168986319818
0.04438389641284
-0.05111275494272
-0.06221937057925
0.02784916735192
-0.04338652891810

  5 0 0 2

-0.03566205739588
-0.13484485321279
-0.54816522757510
0.55872883927439
-6.91557997080213
-1.79727647385733
-6.05318417488506
4.06342698543345
0.80283609685294
-0.02644721907038
-0.02187922914427
0.01794573202252
-4.79992460085114
2.45411376504524
1.39139054205532
-0.04945781498778
0.03600693429954
0.02943711622471
-0.00582172824513
0.00967935547583
-0.72632169813084
-0.33438411224140
-0.26517107098996
1.07697632017206
-0.15785984244369

  5 0 0 2

0.14562451247586
0.58549764571347
1.25955296519348
0.22381876445373
1.02735491022489
-0.14734477877517
0.54977281008090
0.27329084909164
-0.27141673027394
0.02895462016438
0.01961315465414
-0.01638157940861
-0.01248613656444
0.17735686487299
-0.07573367269590
0.04744872850379
-0.03228563462248
-0.02362997677430
-0.00035058890200
-0.00255606612533
0.04331886982554
-0.07148155246071
-0.04605565206995
0.06883099557607
-0.04767119093167



   1     A-HYDROGEN (5,1;5,1)
  5 0 0 1

0.00376912831456
0.01866768275567
0.37251722988064
-0.04354068682022
0.01389698351276
0.28232287665530
0.53116509424280
-0.01141769022400
0.08991267396114
0.04954544663965
-0.00515128670150
-0.00584955097150
-0.00306530149301
0.00515450856830
0.00566469158256

  5 0 0 1

-0.00966091458956
-0.06875387673625
-0.37452065235911
-2.49580471939982
-0.37286755693364
-0.04939348862029
2.02256719921384
0.62582167613369
0.97054472298201
0.35731509843464
0.13791920069935
-0.04047922394534
0.03565021560319
-0.19443955994490
-0.20731248729975

  5 0 0 1

0.00782598301614
0.03679494778298
0.21998491601629
0.03622428485935
0.00830560087444
0.23675573015591
0.15855952941200
-0.03112054084364
0.00357972399197
0.00889408728303
-0.01138401426463
-0.00135784276166
-0.00902314553015
0.01546702657095
0.00575724761285



   2     A-HYDROGEN (5,1;5,1)
  5 0 0 1

0.00369765020727
0.01911287319283
0.37076437082792
-0.03704265586985
0.01692537356213
0.29431428524575
0.52050251468259
-0.03680921113561
0.00200643228969
-0.09743680143255
0.00424368074590
0.00465351208816
0.00204744611367
0.00031694190295
-0.00928549014314

  5 0 0 1

-0.01020781106127
-0.06545728441797
-0.39712627640421
1.69904438440506
-1.31673274362964
-0.26542581668159
-1.68140154019385
0.43185343966711
-0.04744597676091
-1.23669366531740
0.07386480480829
-0.11501148637097
-0.09352246230021
-0.05011468628431
0.31217969375566

  5 0 0 1

0.00865562580552
0.03423694247373
0.22746683315956
0.05967520283274
0.00737145965280
0.21463133986446
0.13263842840792
-0.02495865667663
-0.00426913790530
0.00683798654809
-0.00158616242965
-0.00087495236086
0.00688883766610
0.00183910713350
-0.02245008527886



   3     A-CARBON (5,2;5,2)
  5 0 0 2

0.11372764324442
0.84287169159651
2.19259831250253
0.80130480489539
3.06240969410653
-0.43487937835357
-0.50399773619333
-0.06520687423228
0.84340373168017
-0.00267436660990
-0.00449788096153
0.00220689989412
-0.01771023967729
-0.46282011022377
0.22035092969377
0.00629161705306
-0.00205120676815
0.00066488925741
-0.00119044513099
0.00348715533475
0.00573368926838
-0.01963405426178
-0.13110771211717
0.01875996949455
-0.06485605892013

  5 0 0 2

-0.03966473392063
-0.14279378679177
-0.59536256694387
0.40368253588625
-6.32460039559030
-1.20672816778247
50.72405746397536
2.51684669149152
28.58934506167490
0.01250682709560
-0.00218616796501
-0.00437541572413
-4.97298337621165
-21.72435794164274
19.57307982085108
-0.01407299152590
0.00255638646662
0.00200660390737
0.02561104940347
-0.01663070956516
-0.67159589037799
-1.58074398609978
-3.25250439194208
-3.45486423028015
-5.09138514738540

  5 0 0 2

0.13432626942258
0.54681984542481
1.12712238195491
0.35920465779438
0.82402071436488
-0.43875753525343
-2.32186631935403
0.59540898472347
0.00792487836990
-0.00021155350527
-0.01004765122223
0.00502880568582
0.55590800936791
0.60709373909179
-0.46448619577491
0.00823216387698
0.00118284589753
0.00030009120808
-0.01315321917864
0.00893987858070
-0.10448725194381
0.04887435008151
0.10000492264701
0.07432292558966
-0.03111797950753



   4     A-HYDROGEN (5,1;5,1)
  5 0 0 1

0.00313476288738
0.02026359414308
0.31180550784090
-0.18985040766567
-0.03020350455426
0.38163560286719
0.67625488358671
0.03397435517294
-0.00987537406372
0.12209911578773
-0.00702242245054
0.00138853332957
0.00544669374652
-0.00309399678262
-0.00156806352298

  5 0 0 1

-0.01009750055032
-0.06796368224027
-0.31724592001824
-6.74152910665963
-2.15717520188270
-2.05592865379304
18.19067623926216
-0.26138555371884
-0.00481985412418
0.54735471844892
0.19158652600651
-0.05205260527831
-0.15013091360171
-0.01774072739327
0.23966236497619

  5 0 0 1

0.00827728782745
0.03378097682597
0.19815392358227
0.04183533836222
-0.00265149918828
0.37041258671614
0.10920123649313
0.00806897304987
-0.01352839524874
0.05061279567934
-0.01553218013387
-0.00707172930106
0.00033802960050
-0.01554717795956
-0.02176833429102



   5     A-HYDROGEN (5,1;5,1)
  5 0 0 1

0.00322564380574
0.02007879562245
0.31791924489435
-0.26579807925798
-0.03407403608438
0.34822464619969
0.86630299484309
-0.00499081479543
-0.12125125543176
-0.05054414316443
-0.00351193396566
0.00667847275293
-0.00013183056813
0.00127515009658
0.00344525960671

  5 0 0 1

-0.01099286519148
-0.06279992642872
-0.35768837150951
-14.96978866357919
-2.21730341491836
-1.77823193078115
8.76685956293068
-0.44167840666354
-0.48805810956978
-0.25566715246023
0.35697309079919
0.00427959954911
0.16663811505101
-0.16657406350438
-0.09723391039865

  5 0 0 1

0.00958026818746
0.03008494446658
0.21000015053317
-0.05641809541599
0.01302227851968
0.32714846991941
0.19788288006295
-0.00616414890943
-0.04990735740372
-0.01054848384108
-0.00353517489846
0.01636422550568
-0.01991903253791
0.00671886572700
0.01299067853954



   6     A-CARBON (5,2;5,2)
  5 0 0 2

0.11400629184607
0.84528313205596
2.19643848688031
0.80714732783653
2.93916133066199
-0.54394843535234
-0.36411910934689
0.24605500339897
-0.35073269974652
0.01870029844594
-0.00961000781889
0.00547594998157
0.21832603856812
-0.13096794383575
0.05122266582960
0.00411726359602
-0.01937160518774
-0.04607857036572
-0.00296723878698
-0.03113202115391
0.21405848910886
-0.04858707586743
-0.03958335774415
-0.21113404529218
0.10913210205817

  5 0 0 2

-0.03988401354061
-0.14171381896564
-0.60347122699953
0.43236602973535
-0.50271099224132
-1.09164130222916
-59.56612426484699
0.54601287834983
-25.69946724342460
-0.00817794404730
-0.04028342979441
0.02111811824153
-43.62096404812245
10.25605996113577
7.45786196506028
-0.03487213840332
0.02600287990910
-0.02962874658000
-0.01367811724993
-0.01474408965017
-4.13653115681409
4.28596944880763
6.88072302969049
-0.88773034930518
3.38359314221048

  5 0 0 2

0.13507567082529
0.54695059512997
1.12913783368080
0.37659068228402
-0.12814292545845
-0.61962511020773
1.70304499741837
1.34787165089391
0.14380476736201
0.01135376761200
0.00408452156902
-0.00142219311418
1.34162899466006
0.20893950500209
-0.36146075655704
0.01239593699034
-0.01763783920607
-0.01284242206269
0.00389783335174
-0.01226735849192
0.54395801967707
-0.35582942287025
-0.06693128403769
0.17119390263105
-0.00637851882606



   7     A-OXYGEN (5,2;5,2)
  5 0 0 2

0.13796452022165
0.97526680331104
2.66514592527802
0.54542905750501
4.51299361717873
0.26827171934310
1.33775238300891
-0.47764319999891
0.05130628069727
0.00216309298772
-0.05276540957059
0.02728519562916
0.08184770541499
-0.13510370540570
0.07330582652332
-0.00216319545390
-0.02082630499984
-0.02019718774130
0.04612968341852
-0.03940947637406
0.00871677303978
-0.02679938713255
0.02221071462710
0.07946676975998
-0.02752469480825

  5 0 0 2

-0.03289233038187
-0.13419127977169
-0.48875884044528
0.53728857933976
-4.76175899022986
-1.68175485698710
11.98515655934455
3.11127936249830
16.03464053570047
-0.00597948281684
0.03363095890007
-0.01858797024716
0.64015464027115
2.02965574610821
-1.11613092720809
0.00249015751395
0.01379109238527
0.00214300310200
-0.04418245144794
0.02545450335345
0.26192563032958
-0.09773714241078
0.16243726466572
-0.34026986875931
0.40956670263356

  5 0 0 2

0.15439545324805
0.64544791172714
1.34530331612644
0.14978809337310
1.16565429607423
-0.03309942456792
0.49358126319050
0.34307398258503
0.09012734682665
0.00483932610469
-0.04672863895870
0.02413803417052
0.04542325362601
-0.19352663801144
0.10192409141656
-0.00009604914209
-0.01861003392022
-0.00916052048439
0.04987201485844
-0.03370244130807
-0.02515589422480
-0.00620549600388
0.06096589470919
0.08988203403005
-0.00758011782621



   8     A-NITROGEN (5,2;5,2)
  5 0 0 2

0.12411510321645
0.89892290369326
2.45461400972371
0.61688709820025
4.16594581979785
0.18804925542009
1.71508493597853
-0.98397629440134
-0.38559935209597
-0.00121625498032
-0.00551983643292
-0.02472486578181
0.20313131493832
-0.41418583163199
0.02972708657739
-0.00020731094277
0.02160339401152
0.01979727901451
-0.00639189258104
0.02232606423047
0.03823537873352
0.05645996914978
0.07441038153543
0.05937640399941
0.12971494892046

  5 0 0 2

-0.03481767375291
-0.13930690757131
-0.52925755030291
0.46421253234176
-5.18206767498410
-1.35146360850863
-5.57867485843935
2.69811552709783
7.95728045065607
0.00313135619641
0.01175343103855
0.01453552248104
-2.67048576425022
-7.35393994912932
4.84468908959091
-0.00198961525919
-0.02988313204622
-0.02251049869728
-0.00412754871323
-0.03548976960201
0.02941398700639
-3.38007985052553
-2.39626457141256
2.35353968829556
-0.75267052469086

  5 0 0 2

0.13828817905524
0.60562682793867
1.21776766362171
0.32264282209072
0.58036141341767
-0.39141523977211
1.47364042218607
0.75998020825806
-0.01144989688875
-0.00053670403202
-0.00854577484565
-0.01946194048062
-0.02815512346591
-0.28945487575880
0.08756710293496
-0.00018075886558
0.02629073277513
0.02092822930840
-0.00844436461824
0.02736556082160
0.14759077145445
-0.00913814702972
0.10865043133944
0.08922147619776
0.15400253854850



   9     A-HYDROGEN (5,1;5,1)
  5 0 0 1

0.00388279402715
0.01674310980047
0.36223336712251
-0.26139588535292
0.06067928031905
0.24704441787053
0.92899334062394
-0.02238881505884
-0.13767856874296
-0.00061203111923
0.00971905329779
0.00341962894526
0.00052908570954
0.00147601621231
-0.00065417423657

  5 0 0 1

-0.01177687149118
-0.05346606672343
-0.47506543449461
-5.54961475417726
3.84432122313956
0.89178919871384
8.86290351192809
0.12957878969234
-1.19241107273094
0.20623061479856
-0.29385450325199
0.18941268354916
0.09789875266845
-0.14803954913203
-0.21795084052727

  5 0 0 1

0.01077286791698
0.02597534879225
0.24047321008838
-0.13849198584347
-0.00847219865360
0.19035535039422
0.43116229190938
-0.02979978120917
-0.02809994828403
-0.02429580669228
0.01996380646527
0.00226850719633
-0.00128700789188
0.00825637904699
0.01565666311315



   10     A-CARBON (5,2;5,2)
  5 0 0 2

0.11438168461589
0.84026747060323
2.20106836203672
0.76915162377537
3.39509611054874
-0.30654869720321
-0.72149447691173
-0.39665596080054
0.84078768482998
-0.00763330642248
0.00036968231347
0.00520390124661
-0.27365708288653
0.26172552584449
-0.24884486181415
-0.01035408115910
0.01223338701047
0.00599992952702
-0.00686191013691
-0.00271506816607
-0.03072707035984
0.01737509754599
-0.06504235544617
-0.00037890980928
-0.13948546634294

  5 0 0 2

-0.03975436621340
-0.14237657249011
-0.59708597516019
0.41451265394162
-6.99070102560302
-1.30068883422165
86.29992529191978
3.05973281092109
9.41170076829195
0.00040008365238
-0.00428514350374
0.00072022449087
-40.97076656109109
30.75671206547601
-7.49363499315716
0.02242930310780
-0.02661718063855
-0.01390166930214
0.01602847066616
0.01336583813445
-9.31491649712408
3.03231123800145
-2.85867146391454
-8.26492939985902
-0.64929394518468

  5 0 0 2

0.13493309446855
0.54535711612511
1.13031159159974
0.35028143310171
0.97330826498094
-0.40002732143138
-2.92915536391628
0.47888539698670
-0.10068292685582
-0.00790540299015
0.00544724797669
-0.00087595611387
0.29660150378971
-0.90788125030060
0.08801239497258
-0.01379342493918
0.01613034745806
0.00775961740262
-0.01220292481268
-0.00674342066626
0.29542678833195
0.03670192448167
0.09677881715975
-0.13992872726039
-0.14323136978171



   11     A-HYDROGEN (5,1;5,1)
  5 0 0 1

0.00288339796615
0.02149623402707
0.30188013865114
-0.21728281791887
-0.02340803746983
0.41590107889194
0.54178078047685
0.03652547844897
0.11988785795948
0.01870634035705
0.01057944848550
-0.00013829602239
0.00087934123454
-0.00169827558385
0.00636495825457

  5 0 0 1

-0.01066309153884
-0.06397166802062
-0.33078631822544
-7.42557060079247
5.13409843256169
-2.05890172605185
9.22324918930727
-0.14354858675909
0.46046272570014
0.35187788706401
-0.14473232427890
0.02718152106416
0.24855558343167
0.01214984283890
-0.07540401879054

  5 0 0 1

0.00892727121272
0.03206299839951
0.19576460624687
-0.00701275450649
0.00398997266628
0.41971041311855
-0.25878969983539
0.05430144434872
0.05331256782255
0.00491421304474
0.00588467306093
0.01644809939259
-0.00483807854344
0.00115462031305
0.02193033362332



   12     A-HYDROGEN (5,1;5,1)
  5 0 0 1

0.00300309084673
0.02075107510919
0.30490415226901
-0.25285643190373
-0.00938264972186
0.36876458329849
0.90306314713845
-0.02393279336636
-0.00995374820643
-0.13326417362829
-0.00163581580794
-0.00485475163705
-0.00035184946631
-0.00518602792736
0.00084572393393

  5 0 0 1

-0.00973419159808
-0.06815305126649
-0.31683801106739
-3.12266144637069
0.12979245752885
-2.05649269586604
7.96691456321496
-0.41685473185568
-0.04521686650615
-0.29782771897781
-0.22360522630232
0.29060396711050
-0.06426697495659
0.34890664589330
-0.24324196077441

  5 0 0 1

0.00722325737080
0.03751597168238
0.18072195434527
-0.04904623600729
0.00628915373436
0.43254744158614
0.49591966132234
-0.00504480556122
-0.00148542503108
-0.09981058555511
-0.00223964405581
-0.01760202195477
-0.01201751566249
-0.01860139865238
-0.00912330702281



   13     A-CARBON (5,2;5,2)
  5 0 0 2

0.11373733191585
0.84608695604808
2.19225770965719
0.82052285076983
2.78423450495367
-0.58841078801917
-0.35099281942021
0.37315392166168
-0.24450727307922
0.00953232784564
0.01748316250891
-0.00105520938785
0.24487770402292
0.24511034473981
0.06054048832929
-0.01347327612789
0.01277997823472
0.00246264934251
-0.01245287727219
-0.05023250635974
-0.16813041666600
-0.03408644544758
-0.03115344074420
-0.11427996188751
0.07405084454491

  5 0 0 2

-0.03986449702735
-0.14177796932068
-0.60266300172063
0.42736913188958
-1.04068481103482
-1.09671664053030
-117.08527958092222
0.75320153079819
-20.16367632340315
-0.01556526062490
0.03635854874479
0.01043508781666
-59.18491299022796
2.60219996026483
-9.81612533979288
0.02896732494249
0.00457485433008
-0.00424485601337
-0.04050859199346
-0.02860305595296
9.82306433780227
-2.38685559690090
2.03902378577877
2.72071918473297
6.63737598779627

  5 0 0 2

0.13485304841682
0.54741113382137
1.12735617000660
0.38072659531170
-0.16239839358593
-0.62444641226818
1.81171875368145
1.35813307302517
0.30770402104393
0.00979093215926
0.00086709690649
-0.00254050157805
1.50575131954983
-0.44298589299368
0.25170081419485
-0.01599008745043
0.00596272758368
0.00335653011806
0.01068845749681
-0.01765477149423
-0.51248742516697
0.04069402191156
-0.11087257464435
0.23245968851634
-0.07263266279388



   14     A-OXYGEN (5,2;5,2)
  5 0 0 2

0.13801388521499
0.97512723498330
2.66574258730905
0.54301448639651
4.53868443280082
0.27766862428482
1.32546328594125
-0.50146974194685
0.00795595576391
-0.00428125063142
0.05921389518212
0.00217201617821
0.01562938950151
0.16792829197068
0.00406290428297
0.00387037477234
0.02112340318981
0.00053302646677
0.03999026156051
-0.04650733426795
0.01038352671694
0.01602993203540
-0.00075681735594
0.08238576031242
-0.01446736558245

  5 0 0 2

-0.03269386159720
-0.13520431344012
-0.48473711969679
0.51872450371221
-4.43841208813242
-1.59898942116131
11.39670949234633
2.85798138642924
17.10677710827729
0.00039877122703
-0.04029722238639
-0.00196143837708
0.95757259796158
-2.28812743265227
0.02840479234710
-0.00636810673732
-0.01595967618394
-0.00007882405210
-0.04234544833365
0.02748535585982
-0.59786017238218
0.08729706199922
-0.15727853238601
-0.33160321854350
0.36769276487925

  5 0 0 2

0.15235756550930
0.65104395122204
1.33377520826799
0.17698710998891
1.04149840379036
-0.10231414613685
0.63378009007023
0.48120293094452
0.03453080295338
-0.00332911479706
0.05470935518712
0.00148620480188
-0.01485116167792
0.18887575420804
0.01160439146732
0.00506065927316
0.01835331585874
0.00013783184454
0.04624456572808
-0.03655784598754
0.04116245534665
0.01483954305881
-0.00020228688439
0.09175776064921
0.02115985567111



   15     A-NITROGEN (5,2;5,2)
  5 0 0 2

0.12433840878201
0.89807686747188
2.45718104458229
0.60500504669899
4.32689468594925
0.23940938968958
1.36714601401721
-1.12887598848890
-0.36598615130006
0.00027292042635
-0.00763218449301
0.02297026802973
0.21743861022283
0.34224798716530
0.15707360682506
0.00833631280843
-0.01519140925745
-0.00664473741484
-0.00542730650000
0.02846927581447
0.02767511337234
-0.06372678871544
-0.07958476931228
0.05470221572633
0.13146100144230

  5 0 0 2

-0.03505002815185
-0.13821537693180
-0.53335686111296
0.48374572713891
-5.70028859113063
-1.44607594380970
-6.69557073174712
3.05438600245111
19.77830612735771
-0.00381494278079
-0.00352391801993
-0.01921930333263
-0.53765327389680
7.34847680856250
-0.06075551136496
-0.01307824976780
0.02181665426241
0.01943445024366
-0.00326874924205
-0.03909029021191
-2.53190216052691
3.35125610018719
-1.04694984639597
1.60849129797715
-3.92375487582947

  5 0 0 2

0.14046488226244
0.59975716080074
1.23026357142112
0.28844818961782
0.84519322023095
-0.28803548792066
0.96879359825463
0.51079030313324
-0.31434106811126
0.00078340783883
-0.00069808786277
0.02076122659730
0.01493186350785
0.19221210823890
0.07831397169491
0.01057096077290
-0.01923324568799
-0.00841868594224
-0.00757119698037
0.03389995770539
0.02965829937975
-0.07727342627848
-0.06924892980226
0.07027556086170
0.20044052059281



   16     A-HYDROGEN (5,1;5,1)
  5 0 0 1

0.00336973605663
0.01912964641545
0.34297914306426
-0.19376057542169
0.03213476162344
0.32600669476320
0.75619271147083
-0.03560115990235
0.11317397405747
0.06900551962847
-0.00532819673759
-0.00881828382263
0.00157668717690
0.00021869784240
0.00439407771519

  5 0 0 1

-0.01139475888706
-0.05456272253576
-0.44913620374555
0.56696399526970
-6.32531021710223
0.35385598258743
3.46887878987365
-0.05318118038898
1.02278278012975
0.20351642464474
0.37060775939758
-0.12704676656237
0.20374589688736
-0.07806689999066
-0.11954865930623

  5 0 0 1

0.00994240990428
0.02878011759512
0.22507803120226
-0.04678599409039
0.01890655193145
0.28294257852529
0.23357592451885
-0.01389006597605
0.00578577633765
0.04199563693495
-0.00315687119493
-0.00610924492826
-0.01076809494672
-0.00972208296905
0.02485174493248



   17     A-CARBON (5,2;5,2)
  5 0 0 2

0.11417781899576
0.84087006884750
2.19856442051922
0.77894257115117
3.23238701054383
-0.34698566569070
-0.24213708733187
-0.27471340058501
1.00313060893616
-0.00591151977774
0.00742814327661
-0.00270244907501
-0.27050216305071
-0.61109474404493
0.08791766098461
0.01220272357550
-0.00665511866162
0.00621204129911
-0.00599246692257
0.00516231780775
0.05413087966322
0.06184460643593
0.04290786635052
0.03193817976844
-0.20322048289470

  5 0 0 2

-0.04021888918598
-0.13988701852278
-0.60769603737524
0.47294559512713
-8.89826776444583
-1.65878141878945
11.34061108598203
4.52056160524012
5.38729845661475
-0.01135027721110
-0.01180655909063
0.00313521422028
-34.67537804023571
-26.63189927667415
-6.41090530063544
-0.02476225976172
0.01730777138020
-0.01628353948001
0.01629673671865
-0.00218703957618
4.57553880145533
1.02442909504113
-2.82419557533941
-0.50491114132163
-7.42237392119490

  5 0 0 2

0.13823738194334
0.53631452213891
1.14838705162350
0.30915386459852
1.08174395819898
-0.30107877598525
-1.82002680679432
0.30019172614195
0.13537175347714
-0.00433956946992
0.00315890146025
-0.00241586446912
0.29042923332947
0.28932673120874
0.19380149215620
0.01640682542067
-0.01017820642739
0.00843516812966
-0.01116092316912
0.00596415902038
-0.16039396406173
0.03890111126181
0.09718095241747
0.11000310140966
-0.09947833530065



   18     A-HYDROGEN (5,1;5,1)
  5 0 0 1

0.00326967117218
0.01913861958428
0.30965134475337
-0.26581962707219
-0.02059451733273
0.34399358248468
0.97864501174544
-0.00331763108793
-0.06331201980881
0.12255887345595
-0.00453213832627
0.00386294084752
0.00447701456865
-0.00351058867595
0.00245075665774

  5 0 0 1

-0.01182631520530
-0.05512998317151
-0.39653891780663
6.05947643977435
-0.69661662644588
-0.71361991696946
5.25740550249224
-0.44434028354109
-0.01206082082499
0.34380732415570
0.32839286601630
-0.11106487701820
0.08208402940563
0.24140264878111
-0.17499114167782

  5 0 0 1

0.01059688589074
0.02615308213766
0.21139815733475
-0.12620428182515
0.00106027530402
0.31942142604402
0.54375329052662
0.01326581847533
-0.02870851848768
0.05008401666400
-0.01103906378131
0.00456614183980
0.02147324676538
-0.01668966970751
-0.01239155340561



   19     A-HYDROGEN (5,1;5,1)
  5 0 0 1

0.00316614330206
0.01913945425288
0.30483228900708
-0.29661478964452
-0.00552565990085
0.34871580993880
0.78182387334981
0.04744318411208
-0.09671983694021
-0.08756391305802
-0.00733327364646
-0.00653866110933
-0.00386861302945
-0.00125283499182
0.00650447441734

  5 0 0 1

-0.01136786078207
-0.05725408806567
-0.37413691385274
10.08413532271489
-2.35344424804450
-1.08787437913139
12.44488644245405
-0.18636944408880
-0.16663792859596
-0.53389298468498
0.41003088655799
0.12457309488107
0.02299585045930
0.20333696195883
0.05306741702789

  5 0 0 1

0.00988849647194
0.02794568017526
0.20192076205298
-0.09362407953252
0.00862003454083
0.36049852968431
0.12647444650252
0.03835830258931
-0.04103528933010
-0.02477687081277
-0.00772697336757
-0.00877664845975
-0.02944028652554
-0.01362543922975
0.01019973869799



   20     A-CARBON (5,2;5,2)
  5 0 0 2

0.11378086388401
0.84598642455081
2.19333450068583
0.82260896030045
2.78903585607602
-0.62163048769164
-0.68137949477504
0.45501071740417
-0.38190557279803
0.01333854980154
-0.01544350829089
0.00168040165945
-0.02601391615561
-0.21450061965790
-0.00110440715186
0.02201543109831
0.01002985631452
0.00401792280650
-0.01486069526285
-0.05236006785765
0.09319398143466
-0.03050146828560
0.00859571959454
-0.08668251049177
0.10649579111219

  5 0 0 2

-0.04047008833506
-0.13856685920748
-0.61687408492434
0.50474625521761
-4.20593411981469
-1.54441442743414
-111.53579744276234
2.42795686647380
-5.21227456385799
-0.01302971074392
-0.03088505792584
-0.00670061239170
-7.07914827691657
-5.66459760057388
-2.54737077871565
-0.05460603848722
0.00300922893059
-0.00620273490689
-0.02491451718920
-0.05309064929158
3.31087758221124
-1.10114265440013
0.36452703620468
9.39868572349826
7.25322952254675

  5 0 0 2

0.13914940408967
0.53589834202941
1.15082551067072
0.33037450076042
-0.05022936790680
-0.53293249212096
1.31662134224030
1.24882729188237
0.02233120698522
0.01408994622886
0.00345482379562
0.00251558337173
0.88292585173459
0.33828729103624
0.12876111638244
0.02387411831847
0.00469587363934
0.00341562519397
0.00310612040907
-0.01197790404750
0.31897888554599
0.03246503123544
0.03182385920517
0.04759422048231
-0.01962335764792



   21     A-OXYGEN (5,2;5,2)
  5 0 0 2

0.13785036323888
0.97603370073879
2.66438663053864
0.55109095087332
4.43880844259252
0.23621076560220
1.45884190769285
-0.39208123202966
0.09299705937303
-0.00666728059546
-0.06067357351892
-0.00098081761116
0.03209810341116
-0.12538058356005
0.00126583447828
-0.00784881531332
0.01581756432635
-0.00081385105251
0.04005292613073
-0.04913399804634
-0.00079603489614
0.01558622641091
-0.00078952086223
0.07960608048013
-0.01919182236332

  5 0 0 2

-0.03287597525289
-0.13423109798255
-0.48932821762302
0.54406141584244
-5.14771344899983
-1.72727795788109
15.77991095875656
3.33698794246928
19.33804830412613
0.00541044622305
0.04288610574663
0.00006012416273
0.17538912643901
3.14953288322899
0.11884132744047
0.00660261408735
-0.01158922764280
0.00090521707422
-0.03838213262278
0.02772197392497
-0.21373497833537
-0.15180936199439
-0.05070188382448
-0.61416481770241
0.40839986701352

  5 0 0 2

0.15416518433995
0.64617245961166
1.34445114247534
0.15305165537249
1.11701138063345
-0.05102389229342
0.54892784562139
0.39266132156943
0.04856474402673
-0.00539309338514
-0.05601446996881
-0.00024374312223
0.00143520550254
-0.18614211061267
-0.00695839998160
-0.00693384818478
0.01460158171249
-0.00067744904490
0.04631495262499
-0.03766047377884
-0.02771654773893
0.00721234685976
-0.00634270155233
0.08687172177091
0.00868335761986



   22     A-OXYGEN (5,2;5,2)
  5 0 0 2

0.13823853345366
0.97160550360665
2.66973091128642
0.52221777718252
4.67745331179809
0.34757889892622
1.43298007503441
-0.60859006912269
-0.11003665286138
-0.00793094358967
0.05695002242709
-0.00000694158223
0.20077416202872
0.24877753254897
0.02809000480034
-0.00881296817756
-0.01080569086173
-0.00009749661703
-0.04643120827858
0.02575880283644
-0.07692380345253
-0.03140994829820
-0.01211624958807
-0.06219336119703
0.10254179218895

  5 0 0 2

-0.03311556590098
-0.13289884719706
-0.49352825330537
0.57869401921204
-6.41129495896528
-1.92080736350211
-1.85465834202463
4.04860354677542
19.04673860618543
0.00384709105640
-0.01977118518049
0.00032568825252
11.05243887541324
3.23772740340961
1.27062363265875
0.01790863622194
0.01037340941621
0.00163582267886
0.03702602454152
-0.02884225352910
-1.20049360609347
0.01591727013693
-0.15726226429714
0.16005599738086
-0.04987189626148

  5 0 0 2

0.15664672563245
0.63827067858650
1.35690391603896
0.11844186501808
1.21673135894247
0.02452759755233
0.79160220222087
0.28112486690684
0.01804129016357
-0.00568284768529
0.04044995957439
-0.00002914618081
-0.04311074596276
0.12088126696693
0.00708013577149
-0.00636993946182
-0.01163147141404
0.00018841277580
-0.04591231612779
0.02860559988070
-0.03731118768981
-0.03921361865443
-0.01479911710478
-0.07827142414434
0.10407608238083



   23     A-HYDROGEN (5,1;5,1)
  5 0 0 1

0.00211906228707
0.02492981065389
0.33394069445067
-0.11956090373866
0.02190213990763
0.39454295543138
0.54948327529856
0.10199097671771
0.09955392735061
0.00883956134520
0.00441996643629
-0.00063297799139
-0.00041349227249
0.00335606004220
0.00110258566501

  5 0 0 1

-0.01215022326359
-0.04663519227553
-0.54773707012109
-19.51243830807838
2.33556094058824
4.64343590080623
21.07348740368715
2.36636324731171
2.64067887163356
0.26902123877067
0.38873645707442
0.06116577543566
0.05610768344718
-0.28578708956248
-0.35110044541213

  5 0 0 1

0.01072009523563
0.02676571269689
0.24696773197143
0.03000269686187
0.00988729663705
0.18428312649248
-0.06108823210917
-0.05406752995853
-0.01625633938675
-0.01676662183774
-0.00471174294848
-0.00560592404204
-0.00377396010808
0.01492896247791
0.01988622371082




//------------------------------------------------------------------//
### end of file ###
