// created by H2 calculation, H7/5/31 EKA
A-HYDROGEN (4;4)

4 0 0 0
        0.021357
       -0.031303
        0.659936
        0.227645

4 0 0 0
       -0.021357
        0.031303
       -0.659936
       -0.227645

4 0 0 0
        0.021357
       -0.031303
        0.659936
        0.227645


// created by H2 calculation, H7/5/31 EKA
A-HYDROGEN (3,1;3,1)

3 1 0 0
        0.116611
       -0.377292
        1.191021
       -0.
        0.000000
        0.000000

3 1 0 0
       -0.116611
        0.377292
       -1.191021
        0.
       -0.000000
       -0.000000

3 1 0 0
        0.116611
       -0.377292
        1.191021
       -0.
        0.000000
        0.000000

A-HYDROGEN (3,1;3,1) ORG

4 1 1 0
        0.116611
       -0.377292
        1.191021
       -0.
        0.000000
        0.000000
        0.000000
        0.000000
        0.000000
        0.000000
        0.000000
        0.000000

4 1 1 0
       -0.116611
        0.377292
       -1.191021
        0.
       -0.000000
       -0.000000
        0.000000
        0.000000
        0.000000
        0.000000
        0.000000
        0.000000

4 1 1 0
        0.116611
       -0.377292
        1.191021
       -0.
        0.000000
        0.000000
        0.000000
        0.000000
        0.000000
        0.000000
        0.000000
        0.000000

// created by H2 calculation, H9/9/8 FS
A-HYDROGEN (4,1;4,1) from deMon

4 1 0 0
        0.019296
       -0.022438
        0.254978
        0.614017
        0.000000
        0.000000
        0.000000

4 1 0 0
        0.048947
       -0.274869
       -1.499963
       -0.192238
        0.000000
        0.000000
        0.000000

4 1 0 0
       -0.048947
        0.274869
        1.499963
        0.192238
        0.000000
        0.000000
        0.000000

// created by H2 calculation, H7/5/31 EKA
A-HYDROGEN (5,1;5,1)

6 1 1 0
       -0.000731
        0.038367
        0.217201
        0.105068
       -0.007332
        0.501763
        0.
        0.000000
        0.000000
        0.000000
        0.000000
        0.000000
        0.
       -0.

6 1 1 0
        0.000731
       -0.038367
       -0.217201
       -0.105068
        0.007332
       -0.501763
       -0.
       -0.000000
       -0.000000
       -0.000000
       -0.000000
       -0.000000
       -0.
        0.

6 1 1 0
       -0.000731
        0.038367
        0.217201
        0.105068
       -0.007332
        0.501763
        0.
        0.000000
        0.000000
        0.000000
        0.000000
        0.000000
        0.
       -0.

/////// from C0+ calculation, H9/12/20 EKA
////////    orbita-basis-set   : O = "O-CARBON (621/41)"
////////    auxiliary-basis-set: O = "A-CARBON (4,3;4,3)"
A-CARBON (4,3;4,3)

7 3 3 0
        0.028594        0.150431        1.38832        2.24705        -0.187632
        2.58828         0.748744
        0        0        0
        0        0        0
        0        0        0
        0        0        0        0        0
        0        0        0        0        0
        0        0        0        0        0
7 3 3 0
        0.028594        0.150431        1.38832        2.24705        -0.187632
        2.58828         0.748744
        0        0        0
        0        0        0
        0        0        0
        0        0        0        0        0
        0        0        0        0        0
        0        0        0        0        0
7 3 3 0
        0.028594        0.150431        1.38832        2.24705        -0.187632
        2.58828         0.748744
        0        0        0
        0        0        0
        0        0        0
        0        0        0        0        0
        0        0        0        0        0
        0        0        0        0        0

// created by C2H4 calculation, H7/5/31 EKA
A-CARBON (5,2;5,2)

7 2 2 0
        0.117057
        0.832880
        2.226355
        0.717125
        2.713465
       -0.305160
       -0.007731
       -0.
        0.
        0.
       -0.
       -0.
       -0.
        0.
        0.
       -0.
        0.
       -0.
       -0.
       -0.
        0.
        0.
        0.

7 2 2 0
       -0.117057
       -0.832880
       -2.226355
       -0.717125
       -2.713465
        0.305160
        0.007731
        0.
       -0.
       -0.
        0.
        0.
        0.
       -0.
       -0.
        0.
       -0.
        0.
        0.
        0.
       -0.
       -0.
       -0.

7 2 2 0
        0.117057
        0.832880
        2.226355
        0.717125
        2.713465
       -0.305160
       -0.007731
       -0.
        0.
        0.
       -0.
       -0.
       -0.
        0.
        0.
       -0.
        0.
       -0.
       -0.
       -0.
        0.
        0.
        0.

// created by GLY calculation, H9/11/28 FS
A-OXYGEN (7/2;7/2) by FS

7 2 0 0
       0.131812
       1.011701
       2.565384
       0.813435
      -0.235949
       4.210072
       1.857299
       0.0
       0.0
       0.0
       0.0
       0.0
       0.0

7 2 0 0
      -0.029545
      -0.132369
      -0.464044
       0.401563
      -0.784833
      -0.771660
      -2.295927
      -0.0
      -0.0
      -0.0
      -0.0
      -0.0
      -0.0

7 2 0 0
       0.131812
       1.011701
       2.565384
       0.813435
      -0.235949
       4.210072
       1.857299
       0.0
       0.0
       0.0
       0.0
       0.0
       0.0

//Created by Eka (Added by Fish)
//For Porphyrin caliculation
A-NITROGEN (4,3;4,3) of PO
7 3 3 0
    0.0272265    0.1536900    1.4282700    2.5867800   -0.3688150
    3.0369000    1.7639800
    0    0    0
    0    0    0
    0    0    0
    0    0    0    0    0.018033
    0    0    0    0    0.058909
    0    0    0    0    0.0376155
7 3 3 0
        0 0 0 0 0 0 0
        0 0 0 0 0 0 0 0 0
        0 0 0 0 0 0 0 0 0 0 0 0 0 0 0
7 3 3 0
        0 0 0 0 0 0 0
        0 0 0 0 0 0 0 0 0
        0 0 0 0 0 0 0 0 0 0 0 0 0 0 0

// created by GLY calculation, H9/11/28 FS
A-NITROGEN (7/2;7/2) by FS

7 2 0 0
       0.118679
       0.930025
       2.369494
       0.875353
      -0.442152
       3.468509
       1.633909
       0.0
       0.0
       0.0
       0.0
       0.0
       0.0

7 2 0 0
      -0.027572
      -0.150982
      -0.474057
       0.294513
      -0.575801
      -1.152850
      -1.283068
      -0.0
      -0.0
      -0.0
      -0.0
      -0.0
      -0.0

7 2 0 0
       0.118679
       0.930025
       2.369494
       0.875353
      -0.442152
       3.468509
       1.633909
       0.0
       0.0
       0.0
       0.0
       0.0
       0.0

// created by GLY calculation, H9/11/28 FS
A-CARBON (7/2;7/2) by FS
7 2 0 0
       0.112665
       0.851399
       2.171795
       0.851868
      -0.521534
       3.102671
      -0.105741
       0.0
       0.0
       0.0
       0.0
       0.0
       0.0

7 2 0 0
      -0.043096
      -0.113149
      -0.653748
       0.583145
      -1.171864
      -0.267854
      11.188717
      -0.0
      -0.0
      -0.0
      -0.0
      -0.0
      -0.0

7 2 0 0
       0.112665
       0.851399
       2.171795
       0.851868
      -0.521534
       3.102671
      -0.105741
       0.0
       0.0
       0.0
       0.0
       0.0
       0.0

// created by GLY calculation, H8/12/19 TU
A-CARBON (5,1;5,1) mod by HK

6 1 1 0
        0.101879
        0.887698
        2.057590
        1.139425
        3.692065
       -0.989483
        0.
        0.
        0.
        0.
        0.
        0.
        0.
        0.

6 1 1 0
        0.101879
        0.887698
        2.057590
        1.139425
        3.692065
       -0.989483
        0.
        0.
        0.
        0.
        0.
        0.
        0.
        0.

6 1 1 0
        0.101879
        0.887698
        2.057590
        1.139425
        3.692065
       -0.989483
        0.
        0.
        0.
        0.
        0.
        0.
        0.
        0.

// created by GLY caluculation, H8/12/19 TU
A-OXYGEN (5,1;5,1) mod by HK

6 1 1 0
        0.074836
        1.238309
        1.927525
        2.368820
        6.780519
       -2.539250
        0.
        0.
        0.
        0.
        0.
        0.
        0.
        0.

6 1 1 0
        0.074836
        1.238309
        1.927525
        2.368820
        6.780519
       -2.539250
        0.
        0.
        0.
        0.
        0.
        0.
        0.
        0.

6 1 1 0
        0.074836
        1.238309
        1.927525
        2.368820
        6.780519
       -2.539250
        0.
        0.
        0.
        0.
        0.
        0.
        0.
        0.

// created by GLY calculation, H8/12/19 TU
A-NITROGEN (5,1;5,1) mod by TU

6 1 1 0
        0.081945
        1.074620
        1.953713
        1.952603
        5.500434
       -2.129391
        0.
        0.
        0.
        0.
        0.
        0.
        0.
        0.

6 1 1 0
        0.081945
        1.074620
        1.953713
        1.952603
        5.500434
       -2.129391
        0.
        0.
        0.
        0.
        0.
        0.
        0.
        0.

6 1 1 0
        0.081945
        1.074620
        1.953713
        1.952603
        5.500434
       -2.129391
        0.
        0.
        0.
        0.
        0.
        0.
        0.
        0.



// created by He2 calculation, H7/5/31 EKA
A-HELIUM (4;4)

4 0 0 0
        0.033670
        0.418898
        1.344719
        0.293312

4 0 0 0
       -0.033670
       -0.418898
       -1.344719
       -0.293312

4 0 0 0
        0.033670
        0.418898
        1.344719
        0.293312

// ???
A-IRON (9,3;9,3) as A-FER2

12 3 3 0
        0.076997
        0.726665
        2.949389
        4.273221
       -1.740989
        5.005151
       13.073852
        9.311000
        2.675336
       -0.0
        0.0
       -0.
       -0.
       -0.
       -0.
       -0.
       -0.
       -0.
       -0.
        0.
        0.
        0.
       -0.
       -0.
        0.
       -0.
        0.
       -0.
       -0.
        0.
       -0.
        0.
        0.
        0.
        0.
       -0.

12 3 3 0
       -0.076997
       -0.726665
       -2.949389
       -4.273221
        1.740989
       -5.005151
      -13.073852
       -9.311000
       -2.675336
        0.0
       -0.0
        0.
        0.
        0.
        0.
        0.
        0.
        0.
        0.
       -0.
       -0.
       -0.
        0.
        0.
       -0.
        0.
       -0.
        0.
        0.
       -0.
        0.
       -0.
       -0.
       -0.
       -0.
        0.

12 3 3 0
        0.076997
        0.726665
        2.949389
        4.273221
       -1.740989
        5.005151
       13.073852
        9.311000
        2.675336
       -0.0
        0.0
       -0.
       -0.
       -0.
       -0.
       -0.
       -0.
       -0.
       -0.
        0.
        0.
        0.
       -0.
       -0.
        0.
       -0.
        0.
       -0.
       -0.
        0.
       -0.
        0.
        0.
        0.
        0.
       -0.

// ???
A-IRON (9,4;9,4) as A-FER1

13 4 4 0
   120.07372679
    36.80449104
    14.79859267
     6.70258036
     3.41064926
     1.78916982
     0.93041226
     0.12602872
     0.03500887
     0.47937154
     0.22668907
     0.06039389
     0.01806199
     0.28503603
     0.13479013
     0.03591042
     0.01073972
     0.00000000
     0.00000000
     0.00000000
     0.00000000
     0.00000000
     0.00000000
     0.00000000
     0.00000000
     0.00000000
     0.00000000
     0.00000000
     0.00000000
     0.00000000
     0.00000000
     0.00000000
     0.00000000
     0.00000000
     0.00000000
     0.00000000
     0.00000000
     0.00000000
     0.00000000
     0.00000000
     0.00000000
     0.00000000
     0.00000000
     0.00000000
     0.00000000

13 4 4 0
  -120.07372679
   -36.80449104
   -14.79859267
    -6.70258036
    -3.41064926
    -1.78916982
    -0.93041226
    -0.12602872
    -0.03500887
    -0.47937154
    -0.22668907
    -0.06039389
    -0.01806199
    -0.28503603
    -0.13479013
    -0.03591042
    -0.01073972
    -0.00000000
    -0.00000000
    -0.00000000
    -0.00000000
    -0.00000000
    -0.00000000
    -0.00000000
    -0.00000000
    -0.00000000
    -0.00000000
    -0.00000000
    -0.00000000
    -0.00000000
    -0.00000000
    -0.00000000
    -0.00000000
    -0.00000000
    -0.00000000
    -0.00000000
    -0.00000000
    -0.00000000
    -0.00000000
    -0.00000000
    -0.00000000
    -0.00000000
    -0.00000000
    -0.00000000
    -0.00000000

13 4 4 0
   120.07372679
    36.80449104
    14.79859267
     6.70258036
     3.41064926
     1.78916982
     0.93041226
     0.12602872
     0.03500887
     0.47937154
     0.22668907
     0.06039389
     0.01806199
     0.28503603
     0.13479013
     0.03591042
     0.01073972
     0.00000000
     0.00000000
     0.00000000
     0.00000000
     0.00000000
     0.00000000
     0.00000000
     0.00000000
     0.00000000
     0.00000000
     0.00000000
     0.00000000
     0.00000000
     0.00000000
     0.00000000
     0.00000000
     0.00000000
     0.00000000
     0.00000000
     0.00000000
     0.00000000
     0.00000000
     0.00000000
     0.00000000
     0.00000000
     0.00000000
     0.00000000
     0.00000000

//Added By Fish
//For Fe Atom Cal.
A-IRON (9,4;13,0) as A-FER1

13 4 4 0
   120.07372679
    36.80449104
    14.79859267
     6.70258036
     3.41064926
     1.78916982
     0.93041226
     0.12602872
     0.03500887
     0.47937154
     0.22668907
     0.06039389
     0.01806199
     0.28503603
     0.13479013
     0.03591042
     0.01073972
     0.00000000
     0.00000000
     0.00000000
     0.00000000
     0.00000000
     0.00000000
     0.00000000
     0.00000000
     0.00000000
     0.00000000
     0.00000000
     0.00000000
     0.00000000
     0.00000000
     0.00000000
     0.00000000
     0.00000000
     0.00000000
     0.00000000
     0.00000000
     0.00000000
     0.00000000
     0.00000000
     0.00000000
     0.00000000
     0.00000000
     0.00000000
     0.00000000

13 0 0 0
  -120.07372679
   -36.80449104
   -14.79859267
    -6.70258036
    -3.41064926
    -1.78916982
    -0.93041226
    -0.12602872
    -0.03500887
    -0.47937154
    -0.22668907
    -0.06039389
    -0.01806199

13 0 0 0
   120.07372679
    36.80449104
    14.79859267
     6.70258036
     3.41064926
     1.78916982
     0.93041226
     0.12602872
     0.03500887
     0.47937154
     0.22668907
     0.06039389
     0.01806199

//Added By Fish
A-IRON (13,0;13,0) as A-FER1

13 0 0 0
   120.07372679
    36.80449104
    14.79859267
     6.70258036
     3.41064926
     1.78916982
     0.93041226
     0.12602872
     0.03500887
     0.47937154
     0.22668907
     0.06039389
     0.01806199

13 0 0 0
  -120.07372679
   -36.80449104
   -14.79859267
    -6.70258036
    -3.41064926
    -1.78916982
    -0.93041226
    -0.12602872
    -0.03500887
    -0.47937154
    -0.22668907
    -0.06039389
    -0.01806199

13 0 0 0
   120.07372679
    36.80449104
    14.79859267
     6.70258036
     3.41064926
     1.78916982
     0.93041226
     0.12602872
     0.03500887
     0.47937154
     0.22668907
     0.06039389
     0.01806199


/////// from Fe2+ calculation, H9/09/12 EKA
////////    orbital-basis-set  : "O-IRON (43311/42111/311) TFEmo"
////////    auxiliary-basis-set: "A-IRON (9,4;9,4) as A-FER1"
A-IRON (9,4;9,4) as A-FER1 of 2+
13 4 4 0
           0.078647           0.716866           2.976374           4.185358
      -1.547883
           4.691977          13.486044           8.070547           0.303964
      -4.775713
           8.189522           1.398912          -0.038111

          -0.000000          -0.000000          -0.000000
           0.000000           0.000000          -0.000000
          -0.000000          -0.000000           0.000000
           0.000000           0.000000          -0.000000

          -0.000000           0.000000          -0.000000           0.000000
      -0.000000
           0.000000           0.000000          -0.000000           0.000000
       0.000000
          -0.000000          -0.000000           0.000000          -0.000000
       0.000000
          -0.000000           0.000000          -0.000000           0.000000
      -0.000000
13 4 4 0
            0.0            0.0            0.0            0.0            0.0
            0.0            0.0            0.0            0.0            0.0
            0.0            0.0            0.0
            0.0            0.0            0.0
            0.0            0.0            0.0
            0.0            0.0            0.0
            0.0            0.0            0.0
            0.0            0.0            0.0            0.0            0.0
            0.0            0.0            0.0            0.0            0.0
            0.0            0.0            0.0            0.0            0.0
            0.0            0.0            0.0            0.0            0.0
13 4 4 0
            0.0            0.0            0.0            0.0            0.0
            0.0            0.0            0.0            0.0            0.0
            0.0            0.0            0.0
            0.0            0.0            0.0
            0.0            0.0            0.0
            0.0            0.0            0.0
            0.0            0.0            0.0
            0.0            0.0            0.0            0.0            0.0
            0.0            0.0            0.0            0.0            0.0
            0.0            0.0            0.0            0.0            0.0
            0.0            0.0            0.0            0.0            0.0

A-IRON (9,4;13,0) as A-FER1 of 2+
13 4 4 0
           0.078647           0.716866           2.976374           4.185358
      -1.547883
           4.691977          13.486044           8.070547           0.303964
      -4.775713
           8.189522           1.398912          -0.038111

          -0.000000          -0.000000          -0.000000
           0.000000           0.000000          -0.000000
          -0.000000          -0.000000           0.000000
           0.000000           0.000000          -0.000000

          -0.000000           0.000000          -0.000000           0.000000
      -0.000000
           0.000000           0.000000          -0.000000           0.000000
       0.000000
          -0.000000          -0.000000           0.000000          -0.000000
       0.000000
          -0.000000           0.000000          -0.000000           0.000000
      -0.000000
13 0 0 0
            0.0            0.0            0.0            0.0            0.0
            0.0            0.0            0.0            0.0            0.0
            0.0            0.0            0.0
13 0 0 0
            0.0            0.0            0.0            0.0            0.0
            0.0            0.0            0.0            0.0            0.0
            0.0            0.0            0.0

//Added By Fish
A-IRON (13,0;13,0) as A-FER1 of 2+
13 0 0 0
    0.078647
    0.716866
    2.976374
    4.185358
   -1.547883
    4.691977
   13.486044
    8.070547
    0.303964
   -4.775713
    8.189522
    1.398912
   -0.038111

13 0 0 0
    0.0
    0.0
    0.0
    0.0
    0.0
    0.0
    0.0
    0.0
    0.0
    0.0
    0.0
    0.0
    0.0

13 0 0 0
    0.0
    0.0
    0.0
    0.0
    0.0
    0.0
    0.0
    0.0
    0.0
    0.0
    0.0
    0.0
    0.0

//// From Fe2+ Caliculation  Added By Fish
//// Fe =  O-IRON (43311/42111/311) TFEmo
//// Fe =  A-IRON (13,0;13,0) as A-FER1 of 2+
A-IRON (9,4;9,4) from no myu of 2+
13 4 4 0
    0.078568
    0.717268
    2.975141
    4.188920
   -1.551895
    4.695192
   13.446086
    8.481386
    0.207130
   -4.930723
    8.781506
    0.908947
   -0.040202
    0.000000
    0.000000
    0.000000
    0.000000
    0.000000
    0.000000
    0.000000
    0.000000
    0.000000
    0.000000
    0.000000
    0.000000
    0.000000
    0.000000
    0.000000
    0.000000
    0.000000
    0.000000
    0.000000
    0.000000
    0.000000
    0.000000
    0.000000
    0.000000
    0.000000
    0.000000
    0.000000
    0.000000
    0.000000
    0.000000
    0.000000
    0.000000

13 4 4 0
    0.000000
    0.000000
    0.000000
    0.000000
    0.000000
    0.000000
    0.000000
    0.000000
    0.000000
    0.000000
    0.000000
    0.000000
    0.000000
    0.000000
    0.000000
    0.000000
    0.000000
    0.000000
    0.000000
    0.000000
    0.000000
    0.000000
    0.000000
    0.000000
    0.000000
    0.000000
    0.000000
    0.000000
    0.000000
    0.000000
    0.000000
    0.000000
    0.000000
    0.000000
    0.000000
    0.000000
    0.000000
    0.000000
    0.000000
    0.000000
    0.000000
    0.000000
    0.000000
    0.000000
    0.000000

13 4 4 0
    0.000000
    0.000000
    0.000000
    0.000000
    0.000000
    0.000000
    0.000000
    0.000000
    0.000000
    0.000000
    0.000000
    0.000000
    0.000000
    0.000000
    0.000000
    0.000000
    0.000000
    0.000000
    0.000000
    0.000000
    0.000000
    0.000000
    0.000000
    0.000000
    0.000000
    0.000000
    0.000000
    0.000000
    0.000000
    0.000000
    0.000000
    0.000000
    0.000000
    0.000000
    0.000000
    0.000000
    0.000000
    0.000000
    0.000000
    0.000000
    0.000000
    0.000000
    0.000000
    0.000000
    0.000000

//
A-COPPER (5,5;5,5)

10 5 5 0
    -0.085102
     0.504095
     0.064765
     7.167007
    -2.921766
    14.840718
     4.218931
    14.478529
     6.135304
    -0.265268
     0.0
     0.0
     0.0
     0.0
     0.0
     0.0
     0.0
     0.0
     0.0
     0.0
     0.0
     0.0
     0.0
     0.0
     0.0
     0.0
     0.0
     0.0
     0.0
     0.0
     0.0
     0.0
     0.0
     0.0
     0.0
     0.0
     0.0
     0.0
     0.0
     0.0
     0.0
     0.0
     0.0
     0.0
     0.0
     0.0
     0.0
     0.0
     0.0
     0.0

10 5 5 0
    -0.024833
     0.056706
    -0.183215
     0.090108
    -0.348273
    -0.187570
    -0.718792
    -0.800335
    -4.286105
     0.657595
     0.0
     0.0
     0.0
     0.0
     0.0
     0.0
     0.0
     0.0
     0.0
     0.0
     0.0
     0.0
     0.0
     0.0
     0.0
     0.0
     0.0
     0.0
     0.0
     0.0
     0.0
     0.0
     0.0
     0.0
     0.0
     0.0
     0.0
     0.0
     0.0
     0.0
     0.0
     0.0
     0.0
     0.0
     0.0
     0.0
     0.0
     0.0
     0.0
     0.0

10 5 5 0
     1.0
     1.0
     1.0
     1.0
     1.0
     1.0
     1.0
     1.0
     1.0
     1.0
     0.0
     0.0
     0.0
     0.0
     0.0
     0.0
     0.0
     0.0
     0.0
     0.0
     0.0
     0.0
     0.0
     0.0
     0.0
     0.0
     0.0
     0.0
     0.0
     0.0
     0.0
     0.0
     0.0
     0.0
     0.0
     0.0
     0.0
     0.0
     0.0
     0.0
     0.0
     0.0
     0.0
     0.0
     0.0
     0.0
     0.0
     0.0
     0.0
     0.0

// ??? glicyne, maybe
A-NITROGEN (5,2;5,2)

7 2 2 0
     0.10897364
     0.84337111
     2.21153701
     0.64450630
     3.45695706
     0.00977228
     2.05968608
     0.
    -0.
     0.0
     0.0
     0.0
     0.0
     0.0
     0.0
     0.0
     0.0
     0.0
     0.0
     0.0
     0.0
     0.0
     0.0

7 2 2 0
    -0.10897364
    -0.84337111
    -2.21153701
    -0.64450630
    -3.45695706
    -0.00977228
    -2.05968608
    -0.
     0.
     0.0
     0.0
     0.0
     0.0
     0.0
     0.0
     0.0
     0.0
     0.0
     0.0
     0.0
     0.0
     0.0
     0.0

7 2 2 0
     0.10897364
     0.84337111
     2.21153701
     0.64450630
     3.45695706
     0.00977228
     2.05968608
     0.
    -0.
     0.0
     0.0
     0.0
     0.0
     0.0
     0.0
     0.0
     0.0
     0.0
     0.0
     0.0
     0.0
     0.0
     0.0




// following data si ra n.




A-HYDROGEN (5,1;5,1) by fukue calc4
6 1 1 0
  0.0037691283146
  0.0186676827556
  0.3725172298802
 -0.0435406868202
  0.0138969835127
  0.2823228766549
  0.
 -0.
  0.
  0.
  0.
  0.
  0.
 -0.

6 1 1 0
 -0.0096609145896
 -0.0687538767362
 -0.3745206523591
 -2.4958047193998
 -0.3728675569336
 -0.0493934886203
 -0.
 -0.
  0.
 -0.
  0.
 -0.
 -0.
 -0.

6 1 1 0
  0.0078259830161
  0.0367949477830
  0.2199849160163
  0.0362242848594
  0.0083056008744
  0.2367557301559
  0.
  0.
  0.
  0.
 -0.
  0.
  0.
 -0.


A-CARBON (5,2;5,2) by fukue calc4
7 1 1 0
  10.99054610
   3.64722887
   1.38986392
   0.55509970
   0.11331170
   0.27259080
   0.16208346
   0.00000000
   0.00000000
   0.00000000
   0.00000000
   0.00000000
   0.00000000
   0.00000000
   0.00000000
7 1 1 0
 -10.99054610
  -3.64722887
  -1.38986392
  -0.55509970
  -0.11331170
  -0.27259080
  -0.16208346
  -0.00000000
  -0.00000000
  -0.00000000
  -0.00000000
  -0.00000000
  -0.00000000
  -0.00000000
  -0.00000000
7 1 1 0
  10.99054610
   3.64722887
   1.38986392
   0.55509970
   0.11331170
   0.27259080
   0.16208346
   0.00000000
   0.00000000
   0.00000000
   0.00000000
   0.00000000
   0.00000000
   0.00000000
   0.00000000

A-OXYGEN (5,2;5,2) by fukue calc4
9 1 1 0
   0.14001665
   0.98674825
   2.69050169
   0.50348449
   4.59552483
   0.29390814
   1.24157709
  -0.55756520
  -0.09935879
   0.0
  -0.0
   0.00000000
   0.0
   0.00000000
   0.00000000
  -0.0
  -0.0
9 1 1 0
  -0.03763815
  -0.15507903
  -0.56183033
   0.62493972
  -4.98371060
  -1.90214342
   7.24004861
   3.34926595
   4.18230351
  -0.0
   0.0
  -0.0
  -0.0
  -0.00000000
  -0.00000000
   0.0
   0.0
9 1 1 0
   0.15469413
   0.65449842
   1.35110599
   0.14735615
   1.06342939
  -0.07269565
   0.54281241
   0.43520805
  -0.08147527
   0.0
  -0.0
   0.0
   0.0
   0.0
   0.0
  -0.0
  -0.0

A-NITROGEN (5,2;5,2) by fukue calc4
7 1 1 0
  0.12479113
  0.91530928
  2.45808782
  0.64235382
  4.00553870
  0.03982115
 -0.71687909
  0.0
 -0.0
  0.0
 -0.0
  0.0
  0.0
  0.0
  0.0

7 1 1 0
  -0.04097083
  -0.15543416
  -0.63045749
   0.66813577
 -10.54808038
  -2.26455172
   5.92000194
   0.0
   0.0
  -0.0
  -0.0
  -0.0
  -0.0
  -0.0
  -0.0

7 1 1 0
   0.14689348
   0.59195169
   1.26702056
   0.20874534
   1.18741541
  -0.11447790
   0.15048175
   0.0
   0.0
   0.0
  -0.0
   0.0
   0.0
   0.0
   0.0










// modified, H7/07/16 F.Sato
A-OXYGEN (5,2;5,2)
7 2 2 0
   0.1544
   0.9396
   2.9427
   0.0366
   3.6680
   0.6643
   1.4890
   0.00000000
   0.00000000
   0.00000000
   0.00000000
   0.00000000
   0.00000000
   0.00000000
   0.00000000
   0.00000000
   0.00000000
   0.00000000
   0.00000000
   0.00000000
   0.00000000
   0.00000000
   0.00000000
7 2 2 0
   0.0408
  -0.3522
  -0.2748
   0.5313
   0.5417
  -1.5307
  -3.2953
  -0.00000000
  -0.00000000
  -0.00000000
  -0.00000000
  -0.00000000
  -0.00000000
  -0.00000000
  -0.00000000
  -0.00000000
  -0.00000000
  -0.00000000
  -0.00000000
  -0.00000000
  -0.00000000
  -0.00000000
  -0.00000000
7 2 2 0
   0.15469413
   0.65449842
   1.35110599
   0.14735615
   1.06342939
  -0.07269565
   0.03272556
   0.00000000
   0.00000000
   0.00000000
   0.00000000
   0.00000000
   0.00000000
   0.00000000
   0.00000000
   0.00000000
   0.00000000
   0.00000000
   0.00000000
   0.00000000
   0.00000000
   0.00000000
   0.00000000

A-NITROGEN (5,2;5,2) by tekitou
5 0 0 2
  0.12479113
  0.91530928
  2.45808782
  0.64235382
  4.00553870
  0.03982115
  1.12634991
  0.00000000
  0.00000000
 -0.71687909
 -0.04745810
  0.00613343
 -0.00129620
  0.00000000
  0.45348251
  0.53241853
  0.00000000
 -0.00000689
  0.00000000
  0.00000000
  0.00289467
  0.04497075
  0.20425504
  0.00000000
  0.00000000
5 0 0 2
  -0.04097083
  -0.15543416
  -0.63045749
   0.66813577
 -10.54808038
  -2.26455172
   5.74312609
  0.00000000
  0.00000000
   5.92000194
  20.35388085
   0.00108552
   0.00150963
  -0.00000000
   5.26860101
   3.10109373
  -0.00000000
  -0.01206229
  -0.00000000
  -0.00000000
  -0.00850506
  -0.07620317
  -0.46943629
  -0.00000000
  -0.00000000
5 0 0 2
   0.14689348
   0.59195169
   1.26702056
   0.20874534
   1.18741541
  -0.11447790
   0.45747408
  0.00000000
  0.00000000
   0.15048175
  -0.34827141
   0.00355307
   0.00247767
   0.00000000
   0.22633248
   0.25810369
   0.00000000
  -0.00261049
   0.00000000
   0.00000000
   0.00567455
   0.04945389
   0.20110577
   0.00000000
   0.00000000






A-NITROGEN (5,2;5,2) by fpyrol-fuku-s-only
5 0 0 2
     0.10897364
     0.84337111
     2.21153701
     0.64450630
     3.45695706
     0.00977228
     2.05968608
     0.25224823
    -0.70465718
    -0.0
    -0.0
    -0.0
     0.0
    -0.0
     0.0
     0.0
     0.0
     0.0
     0.0
    -0.0
    -0.0
     0.0
    -0.0
     0.0
     0.0
5 0 0 2
    -0.03935482
    -0.14044716
    -0.61536913
     0.43280638
    -6.43165642
    -1.30488622
     2.02337411
     2.91907575
    22.71129590
     0.0
     0.0
    -0.0
    -0.0
     0.0
     0.0
     0.0
     0.0
    -0.0
    -0.0
    -0.0
     0.0
    -0.0
     0.0
    -0.0
    -0.0
5 0 0 2
     0.13586417
     0.53730898
     1.20680271
     0.38375028
     0.87911227
    -0.32197771
     0.59340520
     0.40132456
    -0.39254544
    -0.0
    -0.0
     0.0
     0.0
    -0.0
    -0.0
     0.0
    -0.0
     0.0
    -0.0
     0.0
    -0.0
    -0.0
    -0.0
     0.0
     0.0

A-SULFUR (5,4;5,4)
9 4 4 0
       -0.043880
        0.331667
        0.429880
        5.181961
       -1.907711
        8.881258
        5.313874
        0.936768
        1.805666
        0.0
        0.0
        0.0
        0.0
        0.0
        0.0
        0.0
        0.0
        0.0
        0.0
        0.0
        0.0
        0.0
        0.0
        0.0
        0.0
        0.0
        0.0
        0.0
        0.0
        0.0
        0.0
        0.0
        0.0
        0.0
        0.0
        0.0
        0.0
        0.0
        0.0
        0.0
        0.0

9 4 4 0
       -0.022005
        0.051211
       -0.214147
       -0.029711
       -0.155428
       -0.731234
       -1.301432
        1.731548
       -3.634998
        0.0
        0.0
        0.0
        0.0
        0.0
        0.0
        0.0
        0.0
        0.0
        0.0
        0.0
        0.0
        0.0
        0.0
        0.0
        0.0
        0.0
        0.0
        0.0
        0.0
        0.0
        0.0
        0.0
        0.0
        0.0
        0.0
        0.0
        0.0
        0.0
        0.0
        0.0
        0.0

9 4 4 0
       -0.043880
        0.331667
        0.429880
        5.181961
       -1.907711
        8.881258
        5.313874
        0.936768
        1.805666
        0.0
        0.0
        0.0
        0.0
        0.0
        0.0
        0.0
        0.0
        0.0
        0.0
        0.0
        0.0
        0.0
        0.0
        0.0
        0.0
        0.0
        0.0
        0.0
        0.0
        0.0
        0.0
        0.0
        0.0
        0.0
        0.0
        0.0
        0.0
        0.0
        0.0
        0.0
        0.0

A-SULFUR (5,3;5,3) mod by FS
8 3 3 0
       -0.043880
        0.331667
        0.429880
        5.181961
       -1.907711
        8.881258
        5.313874
        0.936768
        0.0
        0.0
        0.0
        0.0
        0.0
        0.0
        0.0
        0.0
        0.0
        0.0
        0.0
        0.0
        0.0
        0.0
        0.0
        0.0
        0.0
        0.0
        0.0
        0.0
        0.0
        0.0
        0.0
        0.0

8 3 3 0
       -0.022005
        0.051211
       -0.214147
       -0.029711
       -0.155428
       -0.731234
       -1.301432
        1.731548
        0.0
        0.0
        0.0
        0.0
        0.0
        0.0
        0.0
        0.0
        0.0
        0.0
        0.0
        0.0
        0.0
        0.0
        0.0
        0.0
        0.0
        0.0
        0.0
        0.0
        0.0
        0.0
        0.0
        0.0

8 3 3 0
       -0.043880
        0.331667
        0.429880
        5.181961
       -1.907711
        8.881258
        5.313874
        0.936768
        0.0
        0.0
        0.0
        0.0
        0.0
        0.0
        0.0
        0.0
        0.0
        0.0
        0.0
        0.0
        0.0
        0.0
        0.0
        0.0
        0.0
        0.0
        0.0
        0.0
        0.0
        0.0
        0.0
        0.0

A-SULFUR (5,2;5,2) mod by FS
7 2 2 0
       -0.043880
        0.331667
        0.429880
        5.181961
       -1.907711
        8.881258
        5.313874
        0.0
        0.0
        0.0
        0.0
        0.0
        0.0
        0.0
        0.0
        0.0
        0.0
        0.0
        0.0
        0.0
        0.0
        0.0
        0.0

7 2 2 0
       -0.022005
        0.051211
       -0.214147
       -0.029711
       -0.155428
       -0.731234
       -1.301432
        0.0
        0.0
        0.0
        0.0
        0.0
        0.0
        0.0
        0.0
        0.0
        0.0
        0.0
        0.0
        0.0
        0.0
        0.0
        0.0

7 2 2 0
       -0.043880
        0.331667
        0.429880
        5.181961
       -1.907711
        8.881258
        5.313874
        0.0
        0.0
        0.0
        0.0
        0.0
        0.0
        0.0
        0.0
        0.0
        0.0
        0.0
        0.0
        0.0
        0.0
        0.0
        0.0

A-FLUORINE (5,2;5,2) unknown
7 2 2 0
  10.99054610
   3.64722887
   1.38986392
   0.55509970
   0.11331170
   0.27259080
   0.04524727
   0.16208346
   0.02690419
   0.00000000
   0.00000000
   0.00000000
   0.00000000
   0.00000000
   0.00000000
   0.00000000
   0.00000000
   0.00000000
   0.00000000
   0.00000000
   0.00000000
   0.00000000
   0.00000000
7 2 2 0
 -10.99054610
  -3.64722887
  -1.38986392
  -0.55509970
  -0.11331170
  -0.27259080
  -0.04524727
  -0.16208346
  -0.02690419
  -0.00000000
  -0.00000000
  -0.00000000
  -0.00000000
  -0.00000000
  -0.00000000
  -0.00000000
  -0.00000000
  -0.00000000
  -0.00000000
  -0.00000000
  -0.00000000
  -0.00000000
  -0.00000000
7 2 2 0
  10.99054610
   3.64722887
   1.38986392
   0.55509970
   0.11331170
   0.27259080
   0.04524727
   0.16208346
   0.02690419
   0.00000000
   0.00000000
   0.00000000
   0.00000000
   0.00000000
   0.00000000
   0.00000000
   0.00000000
   0.00000000
   0.00000000
   0.00000000
   0.00000000
   0.00000000
   0.00000000

A-COBALT (5,5;5,5) unknown
10 5 5 0
  10.99054610
   3.64722887
   1.38986392
   0.55509970
   0.11331170
   0.27259080
   0.04524727
   0.16208346
   0.02690419
   0.00000000
   0.0
   0.0
   0.0
   0.0
   0.0
   0.0
   0.0
   0.0
   0.0
   0.0
   0.0
   0.0
   0.0
   0.0
   0.0
   0.0
   0.0
   0.0
   0.0
   0.0
   0.0
   0.0
   0.0
   0.0
   0.0
   0.0
   0.0
   0.0
   0.0
   0.0
   0.0
   0.0
   0.0
   0.0
   0.0
   0.0
   0.0
   0.0
   0.0
   0.0

10 5 5 0
  10.99054610
   3.64722887
   1.38986392
   0.55509970
   0.11331170
   0.27259080
   0.04524727
   0.16208346
   0.02690419
   0.00000000
   0.0
   0.0
   0.0
   0.0
   0.0
   0.0
   0.0
   0.0
   0.0
   0.0
   0.0
   0.0
   0.0
   0.0
   0.0
   0.0
   0.0
   0.0
   0.0
   0.0
   0.0
   0.0
   0.0
   0.0
   0.0
   0.0
   0.0
   0.0
   0.0
   0.0
   0.0
   0.0
   0.0
   0.0
   0.0
   0.0
   0.0
   0.0
   0.0
   0.0

10 5 5 0
  10.99054610
   3.64722887
   1.38986392
   0.55509970
   0.11331170
   0.27259080
   0.04524727
   0.16208346
   0.02690419
   0.00000000
   0.0
   0.0
   0.0
   0.0
   0.0
   0.0
   0.0
   0.0
   0.0
   0.0
   0.0
   0.0
   0.0
   0.0
   0.0
   0.0
   0.0
   0.0
   0.0
   0.0
   0.0
   0.0
   0.0
   0.0
   0.0
   0.0
   0.0
   0.0
   0.0
   0.0
   0.0
   0.0
   0.0
   0.0
   0.0
   0.0
   0.0
   0.0
   0.0
   0.0

// the follwing is converged result from unkown for CoF6(3-)
A-COBALT (5,5;5,5)
10 5 5 0
         -0.087266
          0.499134
         -0.046335
          6.863870
         -2.675224
         13.652887
          4.977776
         10.850674
          6.511639
         -0.858136
          0.0
          0.0
          0.0
          0.0
          0.0
          0.0
          0.0
          0.0
          0.0
          0.0
          0.0
          0.0
          0.0
          0.0
          0.0
          0.0
          0.0
          0.0
          0.0
          0.0
          0.0
          0.0
          0.0
          0.0
          0.0
          0.0
          0.0
          0.0
          0.0
          0.0
          0.0
          0.0
          0.0
          0.0
          0.0
          0.0
          0.0
          0.0
          0.0
          0.0

10 5 5 0
      -0.026429
       0.052106
      -0.167773
       0.034503
      -0.236497
      -0.405171
      -0.444405
      -1.527787
      -4.619200
       3.977549
       0.0
       0.0
       0.0
       0.0
       0.0
       0.0
       0.0
       0.0
       0.0
       0.0
       0.0
       0.0
       0.0
       0.0
       0.0
       0.0
       0.0
       0.0
       0.0
       0.0
       0.0
       0.0
       0.0
       0.0
       0.0
       0.0
       0.0
       0.0
       0.0
       0.0
       0.0
       0.0
       0.0
       0.0
       0.0
       0.0
       0.0
       0.0
       0.0
       0.0

10 5 5 0
      -1.000000
      -1.000000
      -1.000000
      -1.000000
      -1.000000
      -1.000000
      -1.000000
      -1.000000
      -1.000000
      -1.000000
       0.0
       0.0
       0.0
       0.0
       0.0
       0.0
       0.0
       0.0
       0.0
       0.0
       0.0
       0.0
       0.0
       0.0
       0.0
       0.0
       0.0
       0.0
       0.0
       0.0
       0.0
       0.0
       0.0
       0.0
       0.0
       0.0
       0.0
       0.0
       0.0
       0.0
       0.0
       0.0
       0.0
       0.0
       0.0
       0.0
       0.0
       0.0
       0.0
       0.0

// the follwing is converged result from unkown for CoF6(3-)
A-FLUORINE (5,2;5,2)
7 2 2 0
          0.163959
          0.979310
          2.751328
          0.896563
          5.040744
         -0.069204
          2.275612
          0.0
          0.0
          0.0
          0.0
          0.0
          0.0
          0.0
          0.0
          0.0
          0.0
          0.0
          0.0
          0.0
          0.0
          0.0
          0.0
7 2 2 0
          -0.027184
          -0.138564
          -0.400461
           0.341262
          -0.984172
          -0.728068
          -3.112965
           0.0
           0.0
           0.0
           0.0
           0.0
           0.0
           0.0
           0.0
           0.0
           0.0
           0.0
           0.0
           0.0
           0.0
           0.0
           0.0
7 2 2 0
          -1.000000
          -1.000000
          -1.000000
          -1.000000
          -1.000000
          -1.000000
          -1.000000
           0.0
           0.0
           0.0
           0.0
           0.0
           0.0
           0.0
           0.0
           0.0
           0.0
           0.0
           0.0
           0.0
           0.0
           0.0
           0.0

### End of File(fl_Db_Atom2) ###
