O-DZVP2.C
    3 2 1
    7
       5784.15710000	      0.00081900
        869.30350000	      0.00629350
        198.51164000	      0.03178120
         56.42990100	      0.11727340
         18.28545700	      0.30347630
          6.44871460	      0.45352140
          2.34185960	      0.24305910
    2
          5.45953280	     -0.07780440
          0.47819680	      0.57149470
    1
          0.14573010	      1.00000000
    5
         34.25856300	      0.00580430
          7.86389540	      0.04064030
          2.34451930	      0.15502190
          0.79617150	      0.35314440
          0.27268040	      0.45500620
    1
          0.08926050	      1.00000000
    1
          0.60000000	      1.00000000

